-0.28714
-0.19331
-0.30591
-0.29184
-0.16516
-0.27776
-0.15577
-0.19800
-0.24961
-0.15108
-0.30122
-0.26838
-0.16047
-0.25899
-0.27307
-0.24492
-0.23553
-0.26368
-0.29653
-0.28714
-0.15108
-0.17454
-0.28714
-0.36221
-0.30122
-0.30122
-0.30591
-0.18392
-0.23084
-0.30591
-0.29184
-0.30122
-0.30591
-0.21677
-0.19800
-0.33875
-0.18862
-0.31529
-0.27307
-0.16985
-0.26368
-0.25899
-0.21208
-0.29653
-0.29184
-0.29653
-0.19800
-0.19800
-0.24023
-0.27307
-0.20269
-0.18862
-0.28714
-0.28245
-0.24492
-0.24492
-0.17454
-0.21677
-0.31060
-0.28245
-0.29653
-0.29653
-0.29184
-0.19800
-0.30591
-0.22146
-0.33406
-0.31060
-0.19800
-0.19800
-0.15238
-0.21208
-0.31529
-0.21677
-0.30122
-0.30591
-0.26838
-0.24961
-0.23084
-0.31060
-0.33406
-0.21208
-0.25430
-0.26838
-0.19800
-0.25899
-0.32468
-0.31999
-0.23084
-0.28714
-0.28714
-0.28245
-0.21208
-0.19331
-0.30122
-0.22615
-0.17923
-0.32468
-0.20269
-0.25899
-0.21208
-0.27307
-0.31529
-0.20738
-0.27307
-0.24961
-0.17454
-0.27307
-0.23084
-0.30122
-0.21208
-0.19800
-0.27776
-0.19800
-0.19800
-0.19800
-0.30591
-0.19800
-0.28714
-0.28714
-0.26838
-0.20738
-0.24961
-0.19800
-0.28714
-0.22146
-0.22146
-0.29653
-0.22146
-0.23553
-0.19800
-0.24961
-0.24023
-0.33875
-0.26838
-0.31060
-0.20738
-0.29653
-0.23084
-0.30591
-0.24023
-0.31529
-0.19800
-0.29184
-0.20738
-0.27776
-0.21208
-0.27776
-0.29653
-0.30122
-0.18862
-0.29653
-0.23553
-0.31999
-0.29184
-0.29184
-0.31999
-0.31999
-0.22615
-0.29184
-0.27776
-0.30122
-0.25430
-0.24492
-0.29653
-0.27776
-0.20269
-0.28245
-0.26838
-0.27307
-0.25430
-0.21208
-0.22615
-0.20269
-0.21208
-0.20269
-0.24492
-0.33406
-0.24023
-0.23553
-0.23084
-0.31999
-0.31529
-0.21677
-0.20738
-0.25899
-0.30591
-0.24492
-0.24961
-0.28714
-0.19800
-0.30591
-0.20269
-0.31529
-0.18862
-0.19800
-0.28714
-0.28714
-0.24492
-0.22146
-0.21677
-0.20738
-0.21677
-0.19800
-0.21208
-0.19800
-0.23553
-0.29184
-0.30122
-0.28714
-0.21677
-0.22615
-0.28714
-0.29184
-0.25430
-0.23084
-0.28714
-0.19331
-0.31060
-0.22615
-0.27307
-0.20269
-0.22615
-0.30122
-0.23553
-0.32937
-0.28245
-0.18862
-0.19800
-0.31060
-0.23553
-0.22146
-0.32468
-0.30122
-0.24961
0.08185
-0.24492
-0.32468
-0.31060
-0.17923
-0.30122
-0.22146
-0.28245
-0.17923
-0.33875
-0.20738
-0.18862
-0.31060
-0.17454
-0.20269
-0.30591
-0.32937
-0.31529
-0.26838
-0.18862
-0.19331
-0.15577
-0.15108
-0.17454
-0.20738
-0.16516
-0.29653
-0.28714
-0.26838
-0.20269
-0.31060
-0.27776
-0.27776
-0.15108
-0.17923
-0.31060
-0.14639
-0.22615
-0.19800
-0.15108
-0.13232
-0.23553
-0.16047
-0.28714
-0.38098
-0.29184
-0.16985
-0.16047
-0.20269
-0.31999
-0.18392
-0.17923
-0.27776
-0.16047
-0.18862
-0.28245
-0.31060
-0.16985
-0.27776
-0.22146
-0.33875
-0.17923
-0.00729
-0.14639
-0.29653
-0.28245
-0.17454
-0.35752
-0.22146
-0.31999
-0.15577
-0.33875
-0.30122
-0.08947
-0.29653
-0.32468
-0.16516
-0.26368
-0.31060
-0.19800
-0.27307
-0.14577
-0.14639
-0.31529
-0.15108
-0.17923
-0.31060
-0.16516
-0.30591
-0.18862
-0.16985
-0.31999
-0.32937
-0.29653
-0.16516
-0.15577
-0.20738
-0.30591
-0.16516
-0.14170
-0.33406
-0.18392
-0.30591
-0.17454
-0.28245
-0.15108
-0.15577
-0.29184
-0.31060
-0.31529
-0.15577
-0.14639
-0.16516
-0.29653
-0.29653
-0.18862
-0.19331
-0.31999
-0.31999
-0.22615
-0.13232
-0.31999
-0.31529
-0.19331
-0.18862
-0.20269
-0.32468
-0.31529
-0.14170
-0.17923
-0.14639
-0.28714
-0.24023
-0.17923
-0.16047
-0.18392
-0.32937
-0.32937
-0.28714
-0.31529
-0.27776
-0.17923
-0.15577
-0.15577
-0.24492
-0.29653
-0.15577
-0.29184
-0.18862
-0.32937
-0.19331
-0.29653
-0.30122
-0.17923
-0.32937
-0.22146
-0.15108
-0.27776
-0.28714
-0.14639
-0.31529
-0.31999
-0.16985
-0.29184
-0.12762
-0.31529
-0.16047
-0.21677
-0.32468
-0.15108
-0.19800
-0.29653
-0.25899
-0.19800
-0.29653
-0.18862
-0.16047
-0.16985
-0.26838
-0.14170
-0.28245
-0.28245
-0.16985
-0.30122
-0.20269
-0.18392
-0.28245
-0.17923
-0.25899
-0.33875
-0.17923
-0.17923
-0.29653
-0.32937
-0.19800
-0.21677
-0.28245
-0.19331
-0.21677
-0.29653
-0.30591
-0.17923
-0.23084
-0.30591
-0.18862
-0.29653
-0.16985
-0.29184
-0.16985
-0.31060
-0.16985
-0.28245
-0.24023
-0.17923
-0.28245
-0.16985
-0.32468
-0.30122
-0.19331
-0.31999
-0.28245
-0.15577
-0.32306
-0.29653
-0.20269
-0.18862
-0.30122
-0.23553
-0.16985
-0.16516
-0.33875
-0.30591
-0.18392
-0.20269
-0.32468
-0.28714
-0.17923
-0.16985
-0.31529
-0.31529
-0.14639
-0.20269
-0.35283
-0.28714
-0.30122
-0.16985
-0.21208
-0.18862
-0.33875
-0.30122
-0.34344
-0.32468
-0.30591
-0.18392
-0.15577
-0.25268
-0.33406
-0.30591
-0.18392
-0.13701
-0.15577
-0.17923
-0.31529
-0.30122
-0.32937
-0.18392
-0.18862
-0.17923
-0.15577
-0.16985
-0.33406
-0.31999
-0.32468
-0.30591
-0.19331
-0.17454
-0.17454
-0.16985
-0.27776
-0.28245
-0.31999
-0.32468
-0.31060
-0.32468
-0.31060
-0.29653
-0.31529
-0.28714
-0.31999
-0.30122
-0.31060
-0.32937
-0.28245
-0.31999
-0.28714
-0.33875
-0.29184
-0.32468
-0.32937
-0.17923
-0.14639
-0.22146
-0.29184
-0.32937
-0.20738
-0.19331
-0.32468
-0.33875
-0.18392
-0.25899
-0.31060
-0.13701
-0.17923
-0.28714
-0.17923
-0.16516
-0.32468
-0.33875
-0.18392
-0.30591
-0.31060
-0.16047
-0.31999
-0.17454
-0.30122
-0.14639
-0.31529
-0.19800
-0.22146
-0.36221
-0.20738
-0.36221
-0.19331
-0.32468
-0.15577
-0.30591
-0.17454
-0.27307
-0.17454
-0.30591
-0.19331
-0.22615
-0.31060
-0.17454
-0.27776
-0.18862
-0.31060
-0.18862
-0.30591
-0.16516
-0.30591
-0.20269
-0.31529
-0.17454
-0.29653
-0.14639
-0.31529
-0.17454
-0.28714
-0.23084
-0.21208
-0.33406
-0.16985
-0.30122
-0.14639
-0.28245
-0.17923
-0.30591
-0.19331
-0.31529
-0.19800
-0.21208
-0.32937
-0.16047
-0.28245
-0.15108
-0.28714
-0.16047
-0.32468
-0.19800
-0.17923
-0.30122
-0.18862
-0.27776
-0.17923
-0.28714
-0.19800
-0.16047
-0.29184
-0.19800
-0.03353
-0.17923
-0.31999
-0.25899
-0.32468
-0.15108
-0.31060
-0.27307
-0.16516
-0.32468
-0.14170
-0.29184
-0.18392
-0.34814
-0.31060
-0.17923
-0.16516
-0.30591
-0.14170
-0.18392
-0.29184
-0.19331
-0.13701
-0.32937
-0.21677
-0.20269
-0.30591
-0.31060
-0.17454
-0.15577
-0.31529
-0.30122
-0.17454
-0.18392
-0.31529
-0.22615
-0.19331
-0.32468
-0.29653
-0.31060
-0.21208
-0.18392
-0.16516
-0.28245
-0.31529
-0.29653
-0.26368
-0.15577
-0.16516
-0.16985
-0.16985
-0.28714
-0.29184
-0.29653
-0.22146
-0.16516
-0.17454
-0.14170
-0.31060
-0.28245
-0.27307
-0.29184
-0.20269
-0.16047
-0.16047
-0.31060
-0.30122
-0.14639
-0.31529
-0.15108
-0.27776
-0.19800
-0.28714
-0.17923
-0.30591
-0.20738
-0.20269
-0.28245
-0.18862
-0.29653
-0.15577
-0.29653
-0.22615
-0.30591
-0.21208
-0.18392
-0.22146
-0.17923
-0.23553
-0.18862
-0.21677
-0.17923
-0.26368
-0.18392
-0.28245
-0.16047
-0.27776
-0.17454
-0.26838
-0.19331
-0.20269
-0.32937
-0.17923
-0.30122
-0.17454
-0.31999
-0.17923
-0.21677
-0.29653
-0.19800
-0.28714
-0.31060
-0.15108
-0.29184
-0.29653
-0.16516
-0.31529
-0.28245
-0.18862
-0.22146
-0.29184
-0.15108
-0.16516
-0.32937
-0.28714
-0.16047
-0.19800
-0.31529
-0.32937
-0.18392
-0.22615
-0.33406
-0.18862
-0.16047
-0.22146
-0.30122
-0.31060
-0.16985
-0.20269
-0.30122
-0.34344
-0.20738
-0.13638
-0.33875
-0.33406
-0.20269
-0.18862
-0.30122
-0.32937
-0.19800
-0.18392
-0.29184
-0.26838
-0.15108
-0.16047
-0.15577
-0.19800
-0.22146
-0.27307
-0.28714
-0.30122
-0.24961
-0.21677
-0.18862
-0.16516
-0.19331
-0.16516
-0.16047
-0.14170
-0.18392
-0.15108
-0.17923
-0.19331
-0.18862
-0.17454
-0.16985
-0.17454
-0.16985
-0.16985
-0.15577
-0.15577
-0.15577
-0.16985
-0.18392
-0.17454
-0.15577
-0.17923
-0.19800
-0.23084
-0.30122
-0.30122
-0.31999
-0.28714
-0.30591
-0.30899
-0.18862
-0.16985
-0.19331
-0.15108
-0.16985
-0.20269
-0.22146
-0.30591
-0.30122
-0.30122
-0.28245
-0.22146
-0.15577
-0.00285
-0.15108
-0.14170
-0.23553
-0.26368
-0.13701
-0.14639
-0.13701
-0.16985
-0.33875
-0.31999
-0.31060
-0.28245
-0.20738
-0.16047
-0.15577
-0.17923
-0.16516
-0.15577
-0.31999
-0.31529
-0.28714
-0.31999
-0.30122
-0.29653
-0.31060
-0.29653
-0.31999
-0.29653
-0.31999
-0.31529
-0.28245
-0.33406
-0.31999
-0.30122
-0.31529
-0.33406
-0.27776
-0.33406
-0.32937
-0.18862
-0.18392
-0.19331
-0.16047
-0.17454
-0.20738
-0.25430
-0.30591
-0.32937
-0.33406
-0.30122
-0.16516
-0.14639
-0.17923
-0.14639
-0.28714
-0.30122
-0.19800
-0.15577
-0.18392
-0.24492
-0.24961
-0.30122
-0.31060
-0.15577
-0.17454
-0.29184
-0.32468
-0.16516
-0.16985
-0.26368
-0.29184
0.04538
-0.24492
-0.29184
-0.14170
-0.30591
-0.12762
-0.28245
-0.15577
-0.24961
-0.18392
-0.25899
-0.16516
-0.28714
-0.30122
-0.24961
-0.33406
-0.16985
-0.29184
-0.19331
-0.34344
-0.20269
-0.31060
-0.15108
-0.33406
-0.28714
-0.20738
-0.31999
-0.24023
-0.17923
-0.27307
-0.16047
-0.29184
-0.20738
-0.16516
-0.31529
-0.17454
-0.26838
-0.27776
-0.14639
-0.30122
-0.16047
-0.15108
-0.22615
-0.30122
-0.15108
-0.29653
-0.17454
-0.29184
-0.18862
-0.32468
-0.14170
-0.22276
-0.16516
-0.28714
-0.17454
-0.23553
-0.29653
-0.17923
-0.30122
-0.16985
-0.15108
-0.29184
-0.29653
-0.11824
-0.31529
-0.30591
-0.16047
-0.31529
-0.30122
-0.16047
-0.27307
-0.15577
-0.31060
-0.17923
-0.27776
-0.21677
-0.12293
-0.28245
-0.17454
-0.28245
-0.16985
-0.18862
-0.29184
-0.14170
-0.16985
-0.28245
-0.21677
-0.16516
-0.32468
-0.27776
-0.13232
-0.14170
-0.33875
-0.25430
-0.15108
-0.32468
-0.29184
-0.17454
-0.16985
-0.29653
-0.17454
-0.13701
-0.31060
-0.24961
-0.14170
-0.31060
-0.28245
-0.16047
-0.23553
-0.26368
-0.19800
-0.27776
-0.27307
-0.15577
-0.31060
-0.26838
-0.16047
-0.15108
-0.27307
-0.15577
-0.16985
-0.29653
-0.15577
-0.17454
-0.24961
-0.10416
-0.28245
-0.24492
-0.13232
-0.27307
-0.12293
-0.20269
-0.29653
-0.16516
-0.31060
-0.16985
-0.17454
-0.25899
-0.14639
-0.31529
-0.25899
-0.17923
-0.31060
-0.16047
-0.15577
-0.31060
-0.18862
-0.32937
-0.31060
-0.16985
-0.29184
-0.23084
-0.18392
-0.30122
-0.19800
-0.30122
-0.28714
-0.19800
-0.29184
-0.17454
-0.13701
-0.28245
-0.13701
0.01686
-0.24961
-0.13701
-0.31060
-0.18862
-0.30591
-0.23084
-0.16985
-0.28245
-0.14170
-0.32468
-0.16047
-0.14170
-0.31060
-0.16985
-0.27307
-0.14639
-0.31529
-0.25899
-0.12293
-0.28245
-0.16047
-0.29653
-0.28245
-0.13701
-0.29184
-0.16516
-0.29653
-0.19331
-0.14170
-0.26368
-0.14639
-0.29653
-0.22615
-0.14639
-0.28245
-0.12762
-0.28714
-0.16985
-0.14639
-0.32468
-0.13701
-0.26838
-0.19331
-0.28245
-0.16516
-0.28714
-0.15108
-0.21677
-0.30591
-0.21208
-0.31999
-0.22146
-0.17454
-0.26838
-0.13232
-0.14170
-0.30122
-0.17923
-0.18392
-0.11999
-0.14639
-0.28714
-0.24961
-0.14170
-0.34344
-0.29184
-0.14639
-0.28245
-0.31060
-0.19800
-0.28245
-0.21677
-0.15108
-0.29653
-0.15577
-0.27776
-0.02406
-0.19800
-0.30591
-0.11824
-0.31529
-0.29184
-0.12293
-0.30122
-0.15108
-0.29653
-0.13232
-0.29184
-0.15577
-0.27307
-0.16516
-0.32937
-0.12762
-0.32468
-0.17923
-0.13232
-0.28714
-0.31529
-0.14639
-0.19331
-0.18862
-0.16516
-0.17923
-0.14170
-0.15108
-0.16516
-0.17454
-0.17454
-0.16047
-0.31999
-0.31999
-0.31999
-0.29184
-0.16985
-0.16985
-0.19800
-0.14170
-0.17923
-0.33875
-0.28714
-0.33406
-0.29184
-0.25899
-0.30591
-0.23553
-0.13232
-0.13232
-0.15108
-0.15108
-0.33875
-0.31999
-0.31060
-0.31999
-0.18392
-0.18862
-0.19331
-0.12762
-0.28714
-0.26368
-0.29653
-0.24492
-0.18392
-0.17454
-0.14639
-0.28245
-0.30591
-0.30122
-0.13232
-0.16985
-0.15577
-0.33406
-0.29184
-0.26368
-0.20738
-0.18862
-0.16047
-0.13701
-0.27307
-0.27776
-0.24961
-0.27307
-0.20738
-0.12762
-0.16985
-0.14170
-0.18862
-0.16516
-0.16516
-0.16516
-0.27307
-0.29184
-0.29653
-0.13232
-0.24961
-0.16985
-0.30591
-0.16047
-0.33875
-0.28245
-0.13232
-0.29184
-0.18392
-0.31060
-0.21208
-0.31060
-0.15577
-0.30122
-0.15577
-0.29653
-0.34344
-0.36221
-0.17454
-0.18862
-0.28245
-0.30122
-0.17454
-0.24023
-0.31060
-0.16516
-0.24492
-0.29653
-0.16047
-0.30122
-0.30591
-0.13232
-0.29184
-0.29653
-0.16985
-0.24023
-0.28714
-0.17923
-0.20738
-0.32937
-0.33875
-0.16516
-0.15577
-0.27776
-0.34344
-0.20738
-0.14639
-0.22146
-0.30122
-0.27776
-0.16047
-0.19331
-0.26838
-0.26838
-0.34344
-0.17923
-0.12762
-0.28714
-0.31060
-0.16516
-0.15577
-0.22615
-0.29184
-0.33406
-0.16985
-0.12293
-0.27091
-0.31999
-0.16985
-0.17454
-0.29653
-0.31999
-0.19331
-0.19800
-0.34344
-0.30591
-0.18862
-0.18392
-0.23084
-0.31999
-0.31999
-0.16516
-0.18392
-0.25430
-0.28714
-0.33875
-0.15577
-0.14639
-0.31060
-0.30122
-0.17454
-0.18862
-0.30122
-0.30122
-0.14639
-0.14170
-0.29653
-0.33875
-0.17454
-0.23553
-0.28714
-0.18862
-0.19800
-0.26838
-0.33875
-0.16516
-0.30591
-0.27776
-0.18392
-0.29184
-0.28714
-0.14639
-0.29653
-0.14639
-0.22615
-0.32468
-0.14170
-0.31999
-0.19331
-0.32468
-0.14170
-0.31999
-0.16516
-0.29653
-0.17454
-0.29653
-0.16985
-0.31999
-0.14639
-0.26838
-0.17923
-0.19800
-0.25430
-0.14639
-0.30122
-0.17454
-0.28245
-0.19331
-0.28245
-0.17923
-0.28245
-0.22146
-0.15108
-0.29653
-0.13232
-0.28714
-0.13701
-0.29653
-0.16516
-0.16516
-0.28245
-0.16047
-0.22146
-0.30122
-0.14639
-0.28245
-0.26838
-0.19331
-0.28714
-0.31999
-0.15577
-0.14639
-0.23084
-0.23084
-0.23084
-0.22146
-0.24023
-0.24023
-0.22146
-0.20269
-0.18392
-0.16985
-0.18392
-0.16985
-0.16047
-0.16047
-0.16047
-0.14639
-0.13701
-0.14170
-0.15108
-0.18392
-0.13701
-0.17454
-0.17454
-0.16516
-0.32468
-0.31999
-0.31529
-0.26838
-0.15577
-0.13701
-0.28714
-0.31529
-0.30591
-0.22146
-0.29653
-0.17454
-0.23084
-0.26368
-0.22146
-0.14170
-0.15577
-0.31529
-0.28245
-0.15108
-0.13701
-0.26838
-0.28714
-0.17923
-0.13701
-0.31529
-0.29184
-0.16047
-0.14639
-0.29653
-0.31529
-0.16985
-0.12762
-0.28714
-0.26838
-0.14639
-0.14639
-0.28245
-0.23084
-0.28714
-0.27284
-0.30122
-0.28245
-0.17454
-0.18392
-0.28245
-0.14639
-0.14639
-0.14639
-0.14170
-0.25430
-0.12293
-0.31529
-0.30122
-0.19331
-0.15577
-0.28714
-0.17454
-0.13701
-0.30591
-0.30122
-0.19800
-0.27307
-0.16516
-0.28245
-0.15108
-0.19331
-0.31060
-0.27307
-0.16516
-0.13232
-0.16516
-0.30591
-0.15577
-0.16047
-0.17923
-0.13232
-0.25430
-0.15577
-0.24492
-0.28714
-0.16047
-0.30122
-0.31529
-0.21677
-0.34344
-0.27307
-0.15577
-0.16516
-0.31529
-0.16516
-0.10547
-0.29653
-0.15108
-0.10886
-0.30591
-0.12293
-0.16047
-0.29184
-0.21208
-0.15577
-0.31999
-0.28714
-0.12892
-0.15108
-0.30591
-0.31060
-0.20269
-0.14639
-0.18392
-0.26838
-0.15108
-0.30122
-0.30591
-0.20738
-0.14639
-0.15108
-0.16516
-0.15108
-0.18862
-0.12762
-0.16985
-0.16047
-0.27307
-0.29653
-0.18862
-0.26368
-0.16516
-0.22615
-0.29653
-0.14639
-0.22146
-0.31060
-0.16047
-0.24961
-0.31999
-0.16047
-0.15577
-0.33406
-0.25430
-0.13701
-0.27776
-0.33875
-0.18392
-0.14639
-0.27307
-0.27776
-0.13232
-0.14170
-0.28714
-0.32468
-0.17454
-0.16985
-0.29653
-0.28714
-0.14170
-0.15108
-0.20269
-0.29184
-0.26838
-0.16047
-0.14639
-0.20738
-0.27776
-0.30591
-0.18862
-0.16047
-0.17454
-0.21208
-0.28245
-0.29653
-0.31529
-0.29653
-0.22615
-0.15577
-0.15108
-0.14170
-0.16516
-0.11824
-0.16985
-0.14170
-0.14639
-0.16047
-0.20269
-0.19800
-0.23084
-0.20738
-0.21677
-0.22146
-0.21208
-0.19331
-0.17454
-0.12293
-0.17923
-0.17454
-0.17454
-0.16047
-0.16516
-0.14639
-0.32937
-0.31999
-0.26368
-0.30122
-0.31529
-0.21677
-0.17454
-0.18392
-0.16516
-0.27307
-0.32468
-0.26838
-0.14639
-0.17454
-0.30591
-0.31060
-0.29653
-0.17454
-0.14639
-0.18862
-0.28245
-0.29653
-0.31999
-0.14639
-0.14170
-0.18392
-0.31529
-0.28245
-0.20738
-0.10886
-0.17923
-0.27307
-0.31060
-0.15577
-0.13232
-0.31060
-0.24961
-0.19800
-0.29184
-0.27776
-0.28714
-0.17454
-0.22146
-0.31060
-0.15577
-0.27307
-0.32468
-0.17454
-0.32468
-0.16516
-0.32937
-0.15108
-0.21208
-0.31529
-0.13232
-0.29653
-0.15577
-0.15108
-0.30122
-0.19800
-0.15577
-0.30122
-0.31060
-0.15108
-0.16047
-0.16047
-0.15577
-0.16985
-0.27776
-0.28714
-0.31999
-0.31529
-0.31529
-0.23084
-0.15108
-0.19331
-0.32937
-0.31999
-0.19800
-0.16985
-0.29184
-0.20738
-0.19800
-0.31999
-0.33875
-0.22615
-0.16047
-0.18862
-0.30591
-0.26838
-0.16516
-0.17454
-0.21677
-0.30122
-0.28714
-0.17454
-0.15108
-0.21208
-0.27307
-0.29653
-0.16516
-0.16985
-0.28714
-0.30591
-0.16516
-0.29653
-0.15108
-0.16985
-0.32468
-0.16985
-0.28245
-0.31529
-0.16047
-0.15108
-0.24023
-0.31999
-0.30122
-0.16516
-0.18392
-0.26368
-0.28714
-0.26838
-0.15577
-0.29653
-0.16985
-0.30122
-0.18392
-0.33406
-0.18392
-0.14170
-0.31529
-0.15108
-0.32468
-0.16516
-0.27307
-0.28714
-0.15108
-0.32937
-0.15577
-0.33875
-0.16047
-0.29184
-0.16047
-0.30122
-0.14170
-0.36690
-0.18392
-0.17454
-0.30591
-0.31529
-0.32937
-0.31999
-0.25899
-0.16516
-0.16516
-0.14639
-0.18862
-0.30591
-0.30591
-0.28714
-0.22615
-0.16516
-0.18862
-0.15577
-0.30122
-0.33406
-0.22615
-0.15577
-0.16047
-0.31999
-0.30591
-0.24961
-0.16516
-0.18392
-0.33406
-0.30591
-0.23553
-0.19331
-0.16516
-0.31529
-0.28714
-0.30122
-0.17923
-0.19331
-0.25430
-0.30591
-0.32468
-0.16516
-0.13701
-0.34814
-0.31060
-0.23553
-0.17923
-0.17454
-0.30591
-0.30122
-0.20269
-0.18862
-0.31529
-0.24023
-0.18392
-0.32937
-0.30591
-0.16516
-0.32937
-0.33406
-0.15577
-0.17923
-0.32937
-0.24023
-0.18862
-0.31060
-0.30591
-0.15577
-0.32937
-0.30591
-0.16985
-0.31060
-0.15577
-0.17454
-0.31999
-0.16047
-0.29184
-0.17923
-0.30122
-0.24023
-0.16047
-0.34344
-0.17454
-0.27307
-0.19800
-0.18862
-0.30122
-0.17923
-0.28714
-0.18862
-0.31060
-0.18392
-0.32468
-0.15108
-0.34344
-0.16516
-0.31529
-0.15577
-0.33406
-0.16516
-0.32468
-0.18392
-0.31529
-0.17923
-0.32937
-0.13232
-0.31999
-0.18862
-0.19331
-0.31529
-0.18392
-0.28714
-0.21677
-0.14170
-0.29184
-0.18862
-0.22146
-0.31529
-0.16985
-0.26838
-0.29653
-0.16516
-0.21677
-0.31060
-0.32468
-0.20269
-0.15108
-0.25430
-0.32937
-0.30591
-0.18862
-0.15577
-0.13701
-0.16047
-0.17454
-0.21677
-0.26368
-0.27776
-0.31999
-0.32937
-0.32937
-0.31506
-0.32937
-0.33406
-0.31060
-0.31060
-0.31999
-0.31060
-0.27307
-0.16516
-0.19800
-0.16985
-0.15577
-0.17454
-0.30591
-0.31999
-0.34344
-0.15108
-0.16047
-0.27776
-0.34344
-0.16047
-0.16047
-0.23553
-0.30591
-0.32468
-0.18862
-0.16516
-0.21208
-0.31060
-0.32468
-0.20269
-0.17923
-0.15577
-0.27776
-0.31999
-0.33406
-0.20269
-0.17454
-0.15577
-0.15108
-0.16516
-0.17454
-0.18392
-0.18392
-0.30122
-0.32468
-0.31060
-0.17454
-0.19331
-0.16985
-0.30122
-0.30122
-0.16047
-0.19800
-0.31060
-0.16985
-0.21677
-0.30591
-0.17923
-0.29184
-0.19800
-0.24023
-0.33875
-0.16516
-0.29653
-0.15577
-0.31999
-0.18392
-0.31060
-0.14639
-0.30591
-0.17923
-0.30591
-0.16985
-0.29184
-0.28714
-0.16047
-0.31060
-0.16516
-0.18392
-0.16047
-0.30122
-0.20269
-0.24023
-0.30122
-0.19331
-0.34814
-0.16985
-0.31999
-0.19331
-0.31529
-0.17454
-0.28714
-0.17923
-0.19331
-0.28714
-0.11292
-0.21677
-0.31999
-0.16516
-0.26838
-0.30591
-0.16985
-0.32468
-0.18392
-0.19800
-0.30122
-0.27307
-0.16985
-0.18862
-0.31999
-0.29653
-0.27776
-0.26368
-0.16516
-0.18392
-0.16047
-0.17454
-0.18862
-0.16516
-0.16985
-0.16047
-0.19331
-0.19800
-0.16985
-0.14170
-0.15577
-0.14639
-0.16985
-0.16516
-0.15108
-0.16047
-0.16516
-0.19331
-0.06677
-0.16516
-0.17454
-0.16516
-0.27307
-0.28714
-0.33875
-0.32937
-0.28245
-0.32468
-0.20738
-0.17454
-0.17454
-0.18862
-0.17923
-0.18862
-0.18392
-0.16985
-0.17454
-0.15577
-0.17454
-0.16516
-0.18392
-0.22146
-0.26368
-0.30591
-0.31529
-0.29653
-0.31529
-0.30591
-0.34814
-0.22146
-0.17923
-0.26838
-0.30591
-0.32468
-0.31999
-0.31529
-0.31999
-0.34344
-0.16516
-0.17454
-0.16985
-0.14639
-0.16047
-0.20738
-0.31060
-0.31060
-0.31999
-0.32468
-0.16047
-0.18392
-0.18862
-0.19800
-0.30591
-0.33406
-0.31529
-0.16047
-0.18392
-0.23084
-0.33406
-0.31999
-0.17454
-0.24961
-0.31060
-0.14639
-0.16516
-0.30122
-0.33406
-0.16516
-0.17454
-0.31529
-0.34344
-0.19800
-0.24023
-0.30122
-0.17454
-0.18392
-0.30591
-0.32468
-0.17923
-0.16516
-0.34344
-0.32468
-0.18392
-0.16985
-0.31999
-0.32468
-0.19800
-0.17454
-0.19331
-0.27307
-0.17454
-0.32468
-0.17923
-0.16047
-0.18862
-0.16516
-0.17923
-0.19331
-0.24492
-0.34344
-0.30591
-0.19331
-0.17454
-0.17923
-0.23553
-0.33875
-0.31999
-0.20738
-0.16985
-0.28714
-0.32468
-0.32468
-0.20738
-0.23084
-0.14639
-0.31529
-0.12762
-0.26838
-0.27776
-0.00285
-0.31529
-0.29184
-0.24492
-0.33875
-0.29653
-0.17923
-0.23553
-0.33875
-0.21677
-0.32937
-0.16985
-0.18392
