-0.09009
-0.16047
-0.11355
-0.16047
-0.06194
-0.17454
-0.05725
-0.23084
-0.10416
-0.16516
-0.23084
-0.07601
-0.14639
-0.06663
-0.15108
-0.19800
-0.03848
-0.11355
-0.22615
-0.04786
-0.11355
-0.16985
-0.03379
-0.09009
-0.19800
-0.19800
-0.11355
-0.11824
-0.14170
-0.15108
-0.19331
-0.08071
-0.06194
-0.11824
-0.17454
-0.18392
-0.19800
-0.21677
-0.10886
-0.09009
-0.03379
-0.09947
-0.14170
-0.16985
-0.14170
-0.16985
-0.19800
-0.14170
-0.21208
-0.17923
-0.13232
-0.16985
-0.21208
-0.19800
-0.22146
-0.07601
-0.22615
-0.23084
-0.20269
-0.19331
-0.16516
-0.12293
-0.14170
-0.15108
-0.19800
-0.21208
-0.14170
-0.16516
-0.18392
-0.20269
-0.14170
-0.17454
-0.12293
-0.11824
-0.08071
-0.07601
-0.04786
-0.06194
-0.19800
-0.16047
-0.17923
-0.11824
-0.05725
-0.08071
-0.16516
-0.18862
-0.13701
-0.08378
-0.07132
-0.14170
-0.12293
-0.04786
-0.05256
-0.16985
-0.16516
-0.08540
-0.08071
-0.20738
-0.19331
-0.07132
-0.22146
-0.16985
-0.08540
-0.20269
-0.13701
-0.09947
-0.22146
-0.15577
-0.08540
-0.18862
-0.13232
-0.09009
-0.16985
-0.09478
-0.19331
-0.08540
-0.23084
-0.14639
-0.12293
-0.14639
-0.07601
-0.17923
-0.10416
-0.18392
-0.08540
-0.17923
-0.03848
-0.15108
-0.09009
-0.13232
-0.19800
-0.07601
-0.18392
-0.07601
-0.19331
-0.10416
-0.13701
-0.17454
-0.07132
-0.17923
-0.07601
-0.11355
-0.20738
-0.06663
-0.18392
-0.19331
-0.07132
-0.16985
-0.19800
-0.09009
-0.20738
-0.16047
-0.08540
-0.18862
-0.17923
-0.07132
-0.12293
-0.15108
-0.09478
-0.06194
-0.15577
-0.22615
-0.06194
-0.16516
-0.17923
-0.06194
-0.09947
-0.19800
-0.20738
-0.09009
-0.06194
-0.13232
-0.17923
-0.10416
-0.04786
-0.15108
-0.14639
-0.15577
-0.19800
-0.12762
-0.09478
-0.10416
-0.15577
-0.15577
-0.18862
-0.16047
-0.04786
-0.07601
-0.09009
-0.08071
-0.16047
-0.16985
-0.16047
-0.17454
-0.20269
-0.07132
-0.05725
-0.06663
-0.08540
-0.07601
-0.15577
-0.18862
-0.20738
-0.17923
-0.15577
-0.17454
-0.19331
-0.22146
-0.21208
-0.18862
-0.16047
-0.19331
-0.19800
-0.19800
-0.16985
-0.21208
-0.24961
-0.24492
-0.12293
-0.03848
-0.15108
-0.03379
-0.10886
-0.04786
-0.16516
-0.22146
-0.19800
-0.19331
-0.16516
-0.21677
-0.17923
-0.21677
-0.01971
-0.08540
-0.13701
-0.06663
-0.06194
-0.08540
-0.09947
-0.12293
-0.13232
-0.09947
-0.05725
-0.04317
-0.09009
-0.09478
-0.12293
-0.07132
-0.19800
-0.19800
-0.14170
-0.18862
-0.15108
-0.21677
-0.17454
-0.17923
-0.09478
-0.12293
-0.06194
-0.09478
-0.09478
-0.20738
-0.17923
-0.18392
-0.17454
-0.12293
-0.11355
-0.09478
-0.22615
-0.22146
-0.15577
-0.09947
-0.09478
-0.19800
-0.19800
-0.13701
-0.11355
-0.21208
-0.16516
-0.11355
-0.03848
-0.19800
-0.11824
-0.23553
-0.22146
-0.08071
-0.19800
-0.08540
-0.01971
-0.17454
-0.08540
-0.18862
-0.11824
-0.18392
-0.05725
-0.20738
-0.16047
-0.20269
-0.15577
-0.03848
-0.17923
-0.02910
-0.16047
-0.20269
-0.13232
-0.17454
-0.12293
-0.22615
-0.09947
-0.20269
-0.11824
-0.14639
-0.14639
-0.06663
-0.17454
-0.04317
-0.08540
-0.14170
-0.08071
-0.13701
-0.15577
-0.06194
-0.10886
-0.16047
-0.24023
-0.08071
-0.24492
-0.22146
-0.10886
-0.10416
-0.22615
-0.23553
-0.04317
-0.06194
-0.16047
-0.17454
-0.22146
-0.09009
-0.11824
-0.14170
-0.16985
-0.07132
-0.07132
-0.16516
-0.14639
-0.20738
-0.21208
-0.09478
-0.09009
-0.06194
-0.17454
-0.14170
-0.15108
-0.16516
-0.21677
-0.06663
-0.05256
-0.07132
-0.06194
-0.06663
-0.14170
-0.18862
-0.17923
-0.16516
-0.17454
-0.17923
-0.24492
-0.01502
-0.09009
-0.06663
-0.07601
-0.11824
-0.12762
-0.10886
-0.09009
-0.07132
-0.09478
-0.10886
-0.06663
-0.09009
-0.10416
-0.06194
-0.24023
-0.18392
-0.15108
-0.19800
-0.18862
-0.16985
-0.14639
-0.08071
-0.11355
-0.08540
-0.06194
-0.06194
-0.21677
-0.17923
-0.16516
-0.14639
-0.17923
-0.06194
-0.03848
-0.04786
-0.06194
-0.17454
-0.17923
-0.18862
-0.05256
-0.06194
-0.10886
-0.18392
-0.16985
-0.21677
-0.05256
-0.07601
-0.23553
-0.18862
-0.21208
-0.07132
-0.07601
-0.18392
-0.21208
-0.10886
-0.09009
-0.18392
-0.17454
-0.08540
-0.23084
-0.20269
-0.06194
-0.06663
-0.21677
-0.15108
-0.10416
-0.16985
-0.20269
-0.07132
-0.13232
-0.22615
-0.08540
-0.17454
-0.17454
-0.08540
-0.19331
-0.13701
-0.07601
-0.16047
-0.08540
-0.24492
-0.20738
-0.10416
-0.15108
-0.04786
-0.17923
-0.14639
-0.09947
-0.15108
-0.13232
-0.16985
-0.08540
-0.16985
-0.08071
-0.23084
-0.16516
-0.04317
-0.19800
-0.08071
-0.13701
-0.05725
-0.17454
-0.12293
-0.16047
-0.07132
-0.19800
-0.05256
-0.14170
-0.01971
-0.16047
-0.11355
-0.17454
-0.07132
-0.24023
-0.05256
-0.13701
-0.16047
-0.07601
-0.21677
-0.09009
-0.14639
-0.15108
-0.06663
-0.16516
-0.22615
-0.09009
-0.19800
-0.10416
-0.07132
-0.17923
-0.06663
-0.05725
-0.16516
-0.19800
-0.08540
-0.16516
-0.17923
-0.22146
-0.08071
-0.16047
-0.19800
-0.17454
-0.06194
-0.05256
-0.16047
-0.19331
-0.07132
-0.04317
-0.16516
-0.15108
-0.13701
-0.11824
-0.03848
-0.16985
-0.17923
-0.19800
-0.03379
-0.11355
-0.09478
-0.16985
-0.14639
-0.15577
-0.16047
-0.02910
-0.08540
-0.10416
-0.06194
-0.05256
-0.17454
-0.16047
-0.17454
-0.13701
-0.18862
-0.16985
-0.15577
-0.21208
-0.18862
-0.16047
-0.14639
-0.19800
-0.20738
-0.24492
-0.22146
-0.22146
-0.23553
-0.19800
-0.20738
-0.13701
-0.15108
-0.17923
-0.18392
-0.16047
-0.19331
-0.14639
-0.17923
-0.14170
-0.15108
-0.07132
-0.05725
-0.06663
-0.04786
-0.00564
-0.15577
-0.19331
-0.16985
-0.19800
-0.06663
-0.03848
-0.06194
-0.03848
-0.17454
-0.15577
-0.16047
-0.06194
-0.02440
-0.20738
-0.15577
-0.22615
-0.05256
-0.07132
-0.22615
-0.16047
-0.16516
-0.08540
-0.08540
-0.18862
-0.18862
-0.06663
-0.08071
-0.17454
-0.17923
-0.08071
-0.10416
-0.19800
-0.21208
-0.07601
-0.06194
-0.14639
-0.18392
-0.09478
-0.08540
-0.18862
-0.13232
-0.13232
-0.17454
-0.15577
-0.11824
-0.22615
-0.18392
-0.03848
-0.01971
-0.17923
-0.03379
-0.05256
-0.19800
-0.08540
-0.03379
-0.18862
-0.09947
-0.03848
-0.18392
-0.05725
-0.16985
-0.15577
-0.08540
-0.18862
-0.05725
-0.17923
-0.17923
-0.01502
-0.19800
-0.11355
-0.15577
-0.09009
-0.16516
-0.17454
-0.01033
-0.21208
-0.08540
-0.19800
-0.03848
-0.19331
-0.08071
-0.21677
-0.17454
-0.06663
-0.14639
-0.07601
-0.16985
-0.08071
-0.21208
-0.14639
-0.09009
-0.16985
-0.14170
-0.17923
-0.13701
-0.17454
-0.15108
-0.01971
-0.21677
-0.07132
-0.18862
-0.03379
-0.16985
-0.03848
-0.21208
-0.16047
-0.03848
-0.19800
-0.06663
-0.16985
-0.09009
-0.19331
-0.06194
-0.14639
-0.03848
-0.15577
-0.07132
-0.19800
-0.08071
-0.16047
-0.06663
-0.14170
-0.21208
-0.05725
-0.19331
-0.06194
-0.15108
-0.06663
-0.15108
-0.19800
-0.09478
-0.17923
-0.21677
-0.03848
-0.16516
-0.04786
-0.05725
-0.15577
-0.06663
-0.06194
-0.17454
-0.00095
-0.08540
-0.19800
-0.18392
-0.08540
-0.12762
-0.15577
-0.16516
-0.08071
-0.26368
-0.20269
-0.08540
-0.05725
-0.13701
-0.13701
-0.04317
-0.09478
-0.17923
-0.15108
-0.05725
-0.19800
-0.16516
-0.07601
-0.16985
-0.09478
-0.21677
-0.21208
-0.07601
-0.16047
-0.06663
-0.19800
-0.07132
-0.16047
-0.04786
-0.16047
-0.10886
-0.19331
-0.09478
-0.13232
-0.04317
-0.15577
-0.03848
-0.18862
-0.08540
-0.15108
-0.14639
-0.04786
-0.19800
-0.20738
-0.09947
-0.17923
-0.18392
-0.05256
-0.15108
-0.18862
-0.04786
-0.07601
-0.19331
-0.21208
-0.24961
-0.09947
-0.08540
-0.18862
-0.17923
-0.20738
-0.05256
-0.05256
-0.13232
-0.20269
-0.15108
-0.15577
-0.07601
-0.07601
-0.09478
-0.13232
-0.17454
-0.16047
-0.21208
-0.18862
-0.16516
-0.19800
-0.20738
-0.06194
-0.09947
-0.06663
-0.06663
-0.06663
-0.04786
-0.06663
-0.05256
-0.07132
-0.09478
-0.06663
-0.04317
-0.22615
-0.13232
-0.19331
-0.16516
-0.18392
-0.16985
-0.17454
-0.12293
-0.08540
-0.03379
-0.04786
-0.00564
-0.15108
-0.17454
-0.17454
-0.17454
-0.09478
-0.09009
-0.02910
-0.16047
-0.19800
-0.16516
-0.11824
-0.04317
-0.16516
-0.16516
-0.17454
-0.07601
-0.03379
-0.17454
-0.14639
-0.05256
-0.03379
-0.16985
-0.17923
-0.09947
-0.16516
-0.16047
-0.08071
-0.02440
-0.17454
-0.09009
-0.08540
-0.17923
-0.09009
-0.05256
-0.19800
-0.10416
-0.02440
-0.18392
-0.09009
-0.18862
-0.20269
-0.08540
-0.19331
-0.17454
-0.05256
-0.14639
-0.06663
-0.02440
-0.18862
-0.02440
-0.15577
-0.17454
-0.03848
-0.17454
-0.11824
-0.06194
-0.17923
-0.04317
-0.20269
-0.20269
-0.09478
-0.19800
-0.18862
-0.09947
-0.19800
-0.09478
-0.20269
-0.19800
-0.09478
-0.14170
-0.06194
-0.02910
-0.20269
-0.10416
-0.18862
-0.09478
-0.14639
-0.14170
-0.04786
-0.20738
-0.06194
-0.23084
-0.11355
-0.17454
-0.08071
-0.17454
-0.08540
-0.19800
-0.15108
-0.05725
-0.19800
-0.02440
-0.14639
-0.07132
-0.16047
-0.03379
-0.14639
-0.09009
-0.14170
-0.13701
-0.04317
-0.16516
-0.07601
-0.18392
-0.09009
-0.18392
-0.07132
-0.19800
-0.03379
-0.14639
-0.05725
-0.16047
-0.06194
-0.16985
-0.06663
-0.17923
-0.07601
-0.13701
-0.19331
-0.07601
-0.15577
-0.03848
-0.18862
-0.18392
-0.09009
-0.19800
-0.07601
-0.14639
-0.19800
-0.09478
-0.21677
-0.24023
-0.09947
-0.15108
-0.02910
-0.09009
-0.17923
-0.05725
-0.11824
-0.16985
-0.03379
-0.16047
-0.16516
-0.09478
-0.07601
-0.16985
-0.05725
-0.05725
-0.15108
-0.23553
-0.06194
-0.18862
-0.16985
-0.06194
-0.19800
-0.14639
-0.08071
-0.16516
-0.18392
-0.07132
-0.08071
-0.19800
-0.19331
-0.07601
-0.17454
-0.17923
-0.05256
-0.05725
-0.19800
-0.20269
-0.09947
-0.08540
-0.19800
-0.16985
-0.07601
-0.10416
-0.19800
-0.19331
-0.09009
-0.09478
-0.19800
-0.17454
-0.02440
-0.04786
-0.16985
-0.16516
-0.04317
-0.06663
-0.14170
-0.16516
-0.17923
-0.03379
-0.04786
-0.16516
-0.19800
-0.16047
-0.08540
-0.03848
-0.17454
-0.17923
-0.20269
-0.02440
-0.09009
-0.05725
-0.20269
-0.17454
-0.15108
-0.04786
-0.03848
-0.06663
-0.15577
-0.20269
-0.15577
-0.13232
-0.00564
-0.02440
-0.02910
-0.06194
-0.16516
-0.16985
-0.18392
-0.15577
-0.16047
-0.02910
-0.09478
-0.08071
-0.06663
-0.08071
-0.06663
-0.17454
-0.15577
-0.18862
-0.20269
-0.15577
-0.23084
-0.20269
-0.16985
-0.17454
-0.16985
-0.17923
-0.19331
-0.20738
-0.17923
-0.15577
-0.17454
-0.15577
-0.13701
-0.14639
-0.14170
-0.12762
-0.15577
-0.14170
-0.14639
-0.16047
-0.15577
-0.16047
-0.20269
-0.17454
-0.15577
-0.16985
-0.17923
-0.20738
-0.19331
-0.15577
-0.16516
-0.03848
-0.06663
-0.03848
-0.08071
-0.04786
-0.08540
-0.01033
-0.22615
-0.16047
-0.17923
-0.14170
-0.18392
-0.17454
-0.19331
-0.15577
-0.15108
-0.05256
-0.04786
-0.03848
-0.05256
-0.06194
-0.08540
-0.04786
-0.04317
-0.05256
-0.08540
-0.10886
-0.08540
-0.04786
-0.05725
-0.03848
-0.07132
-0.05725
-0.06194
-0.03379
-0.06663
-0.04786
-0.07132
-0.03848
-0.05256
-0.01502
-0.05256
-0.07132
-0.06663
-0.08071
-0.06663
-0.08071
-0.09478
-0.07132
-0.07601
-0.07132
-0.07601
-0.07601
-0.09009
-0.10886
-0.07601
-0.04317
-0.03848
-0.07601
-0.03379
-0.05725
-0.08540
-0.06194
-0.09009
-0.08071
-0.05725
-0.15108
-0.16985
-0.18862
-0.19331
-0.17454
-0.14170
-0.19331
-0.18862
-0.17454
-0.18862
-0.18392
-0.16047
-0.18862
-0.00095
-0.01033
-0.03848
-0.03848
-0.05256
-0.08540
-0.01502
-0.05256
-0.07132
-0.07132
-0.05725
-0.04317
-0.07132
-0.07132
-0.07132
-0.05725
-0.04317
-0.04786
-0.11824
-0.04786
-0.01033
-0.19800
-0.16985
-0.16516
-0.16985
-0.18862
-0.15577
-0.06663
-0.03848
-0.04786
-0.24023
-0.17923
-0.17923
-0.14639
-0.06194
-0.09009
-0.01033
-0.20269
-0.16985
-0.15577
-0.09009
-0.04317
-0.17454
-0.20269
-0.06663
-0.03379
-0.21677
-0.16985
-0.16047
-0.03379
-0.00564
-0.15577
-0.16985
-0.06663
-0.07601
-0.18392
-0.17923
-0.05256
-0.16985
-0.17923
-0.08071
-0.05256
-0.18392
-0.16985
-0.04317
-0.19800
-0.18862
-0.09009
-0.17454
-0.18392
-0.07132
-0.01971
-0.21208
-0.09478
-0.09478
-0.18392
-0.12892
-0.04786
-0.22615
-0.17454
-0.05725
-0.20269
-0.19800
-0.05256
-0.14639
-0.07601
-0.06663
-0.17923
-0.08540
-0.20269
-0.22615
-0.04317
-0.15108
-0.06194
-0.21208
-0.18392
-0.07132
-0.19800
-0.06663
-0.15108
-0.07601
-0.16047
-0.08540
-0.16985
-0.16985
-0.23084
-0.17454
-0.03848
-0.17454
-0.04786
-0.18392
-0.24492
-0.16047
-0.20738
-0.15577
-0.16985
-0.04786
-0.21208
-0.07132
-0.21208
-0.06194
-0.19800
-0.04786
-0.16985
-0.17923
-0.09478
-0.17923
-0.09947
-0.21677
-0.24961
-0.07601
-0.14639
-0.04317
-0.15577
-0.16516
-0.07601
-0.18392
-0.23084
-0.07601
-0.21208
-0.02440
-0.09009
-0.22615
-0.05256
-0.07132
-0.16516
-0.09478
-0.10416
-0.20269
-0.11824
-0.05256
-0.19800
-0.20738
-0.07132
-0.17923
-0.17923
-0.04317
-0.03848
-0.17923
-0.20269
-0.18862
-0.06194
-0.10416
-0.15577
-0.15577
-0.17454
-0.08540
-0.07132
-0.10416
-0.20738
-0.18862
-0.17923
-0.09478
-0.07132
-0.05725
-0.06663
-0.03848
-0.17923
-0.19800
-0.20269
-0.19331
-0.17454
-0.25430
-0.18862
-0.17454
-0.16516
-0.04786
-0.01971
-0.08071
-0.04786
-0.04317
-0.05725
-0.07601
-0.05725
-0.02440
-0.06663
-0.05256
-0.11355
-0.06663
-0.03848
-0.06663
-0.06194
-0.06663
-0.10886
-0.07601
-0.04317
-0.02910
-0.06194
-0.06194
-0.06194
-0.02440
-0.01502
-0.02440
-0.07132
-0.07132
-0.19800
-0.21208
-0.18862
-0.19800
-0.16516
-0.15108
-0.17454
-0.16047
-0.14639
-0.19800
-0.17923
-0.20738
-0.18862
-0.16516
-0.10886
-0.04317
-0.08540
-0.06194
-0.04317
-0.08540
-0.03848
-0.14170
-0.16516
-0.22615
-0.18862
-0.17923
-0.08540
-0.04317
-0.05256
-0.05256
-0.16985
-0.17923
-0.15577
-0.16047
-0.09947
-0.05256
-0.06194
-0.16516
-0.17923
-0.06194
-0.05725
-0.18392
-0.05725
-0.19800
-0.19331
-0.13701
-0.22615
-0.10886
-0.15108
-0.17923
-0.06194
-0.20738
-0.20269
-0.10886
-0.19800
-0.05256
-0.06663
-0.17923
-0.10416
-0.12762
-0.17454
-0.02378
-0.07132
-0.14639
-0.10886
-0.05256
-0.18862
-0.00564
-0.10886
-0.20738
-0.15577
-0.04786
-0.09478
-0.16047
-0.12293
-0.05725
-0.06663
-0.20269
-0.19331
