0.03190
-0.01502
-0.02910
-0.01033
0.02251
-0.03848
0.01782
0.00844
0.01782
-0.01033
-0.06663
-0.13232
-0.11824
-0.13232
0.02251
-0.00564
-0.01033
-0.16047
-0.13232
0.00844
-0.04786
-0.03379
-0.15577
-0.15108
0.00844
0.00375
-0.13232
-0.16516
-0.01502
-0.03379
-0.15108
-0.20738
0.02720
-0.11355
-0.15577
-0.01033
-0.04317
-0.15577
-0.01033
-0.00095
-0.13701
0.01313
0.00844
-0.12293
-0.13701
0.00375
-0.12293
-0.01502
-0.00095
-0.15577
-0.01033
-0.04317
-0.13232
0.00844
-0.09947
0.00844
-0.01502
-0.12762
-0.00564
-0.15108
-0.01971
-0.14639
-0.01033
-0.08071
-0.17923
-0.05256
-0.15108
-0.07601
-0.01971
-0.09947
0.01313
-0.11824
0.02251
-0.10416
0.00375
-0.12762
-0.00564
-0.13701
0.00375
-0.10416
-0.00564
-0.12762
0.03190
-0.15577
0.01313
-0.09947
-0.04317
0.03190
-0.13232
0.02251
-0.13701
0.01313
-0.14639
-0.02910
0.00375
-0.11355
-0.00564
-0.12762
-0.00095
-0.15577
-0.04317
-0.00095
-0.12762
-0.00564
-0.14170
-0.10416
-0.01033
-0.14170
0.02251
-0.00095
-0.12762
0.01782
-0.15108
-0.15108
0.03190
-0.13701
-0.11355
0.01313
-0.15108
-0.13232
-0.01502
-0.01033
-0.13701
0.02720
-0.00564
-0.12762
-0.02440
-0.01502
-0.14170
-0.06916
0.03659
-0.14170
-0.11824
0.01782
0.02251
-0.11355
-0.11824
-0.00564
-0.00095
-0.14639
-0.13701
0.00844
-0.00095
-0.11824
-0.14170
-0.04786
0.00844
0.00844
-0.15577
-0.12762
-0.05256
0.03659
0.00844
-0.12293
-0.11824
-0.12762
0.02251
0.02720
0.01782
-0.14639
-0.13701
-0.15577
-0.14639
-0.13701
-0.14639
-0.12293
-0.12762
-0.11824
-0.11824
-0.09009
-0.09009
-0.08071
-0.04786
-0.05725
-0.01033
-0.01033
0.02251
0.01782
0.00375
0.01782
0.02251
0.00375
0.00375
0.00375
0.01313
-0.00564
0.02720
0.00844
0.01782
0.02251
-0.01033
-0.00564
0.00844
0.00375
0.01782
-0.02440
-0.07601
-0.14170
-0.14170
-0.12762
-0.13701
-0.13232
-0.17454
0.01313
0.00375
-0.00564
-0.00564
-0.08540
-0.10886
-0.14170
-0.13701
-0.16516
0.00375
-0.00564
0.02251
0.01782
-0.09009
-0.14170
-0.12293
-0.11824
0.00375
0.01313
0.00375
-0.11355
-0.12293
-0.05256
-0.00095
-0.01971
-0.11355
-0.15108
-0.00095
0.01782
-0.14170
-0.16516
0.00375
0.00375
-0.10886
-0.14170
-0.00564
-0.06194
-0.13232
0.00375
-0.03848
-0.15108
-0.00564
-0.09009
-0.13232
0.01313
-0.11824
-0.01971
0.02251
-0.12762
-0.00095
-0.07601
-0.11824
0.00375
-0.11355
-0.15108
0.01313
-0.12762
-0.00564
-0.09009
-0.15577
0.02251
-0.14170
0.00375
-0.12293
0.04597
-0.04317
-0.12762
0.00375
-0.13701
0.01313
-0.13701
0.01782
-0.12293
0.01782
-0.03379
-0.14639
0.02720
-0.13701
0.03659
-0.14170
0.00375
-0.11355
0.00844
-0.07132
0.00375
-0.01033
-0.13701
-0.01033
-0.11355
0.01313
-0.14170
0.03659
-0.13701
0.01313
-0.13232
0.00844
-0.10416
0.02720
-0.06663
-0.14639
-0.06663
-0.12762
-0.06194
-0.15577
-0.08540
0.02251
-0.12762
0.00375
-0.10416
0.00375
-0.11355
0.01782
-0.12293
-0.02910
0.03190
-0.13701
0.00844
-0.13232
-0.00095
-0.09947
-0.06663
0.01782
-0.10886
0.05066
-0.15577
-0.05256
0.00844
-0.12293
0.01782
-0.12293
-0.14639
-0.00095
-0.12293
-0.11355
-0.00564
-0.14639
-0.08071
0.02251
-0.14639
-0.05256
0.01313
-0.17923
-0.06663
-0.00095
-0.14170
-0.11824
0.00844
0.02251
-0.11355
-0.09009
0.01313
0.03190
-0.12762
-0.07601
0.05536
0.02251
-0.15577
-0.13232
-0.00564
0.03190
-0.11824
-0.09478
-0.04786
0.02251
0.00375
-0.15108
-0.09478
-0.03848
0.03659
0.00844
-0.12293
-0.14170
-0.05256
0.01313
-0.00095
-0.15108
-0.12762
-0.10886
-0.00095
0.00844
0.00844
-0.13232
-0.12762
-0.14170
0.00844
0.00375
-0.01502
-0.12762
-0.13701
-0.09478
-0.07601
0.03190
0.04597
0.05536
-0.01971
-0.08540
-0.10416
-0.10886
-0.07132
0.02251
-0.01971
-0.01502
0.01313
-0.13701
-0.13701
-0.13232
-0.12762
-0.07132
0.01313
-0.03379
0.01782
-0.07601
-0.10886
-0.14170
0.00844
0.01782
0.00375
-0.13701
-0.13701
-0.06194
0.04128
-0.01971
-0.14170
-0.10886
-0.05256
-0.02440
0.01782
0.01782
-0.13701
-0.14639
-0.05725
0.01782
-0.00095
-0.08540
-0.14170
-0.06194
0.00375
-0.00564
-0.13232
-0.09947
0.02251
0.00844
-0.12293
-0.14170
-0.06663
0.04128
0.01782
-0.16047
-0.12762
0.03659
0.02720
-0.10886
-0.14170
-0.04786
-0.01033
-0.16047
-0.14170
-0.05725
0.00844
-0.11824
-0.10416
0.02720
0.02720
-0.14170
-0.12293
0.00375
-0.00095
-0.10416
-0.14170
-0.04786
0.04597
0.01313
-0.15577
-0.09947
-0.04786
0.02720
0.01782
-0.11355
-0.10416
-0.08540
-0.07601
-0.01971
-0.00095
0.01782
0.00375
-0.00095
-0.06663
-0.16047
-0.14170
-0.09947
-0.15577
-0.07132
-0.06194
0.00844
0.01782
0.00375
0.03659
0.02251
-0.01033
-0.02440
-0.00095
0.00844
0.05536
0.02251
0.01782
0.01782
0.02251
-0.00095
-0.01971
0.01782
0.03659
0.05066
-0.01033
0.01782
-0.00564
-0.04317
-0.07132
-0.13701
-0.12762
-0.12762
-0.14170
-0.11355
0.03190
0.03659
0.03659
0.01313
-0.05256
-0.11824
-0.11824
-0.02910
0.03190
-0.00564
-0.09009
-0.13701
-0.09009
-0.01502
0.03190
-0.02694
-0.15108
-0.09009
0.00375
0.00844
-0.05256
-0.12293
-0.13701
-0.00564
-0.05256
-0.11355
-0.07601
0.04128
0.02720
-0.11355
-0.09947
0.00844
-0.06194
-0.14170
0.01313
-0.02440
-0.15108
-0.14170
0.01782
-0.00095
-0.14639
-0.14170
0.02720
-0.06663
-0.14639
-0.00095
0.02251
-0.11355
-0.09478
0.00844
-0.07132
-0.12293
0.02251
-0.06194
-0.13232
0.02720
0.01313
-0.13232
-0.10886
0.00375
-0.12293
-0.13701
0.05536
-0.13232
-0.14639
0.02720
-0.09478
0.01782
0.00844
-0.14639
-0.00095
-0.05256
-0.14170
-0.01033
-0.09009
0.03190
-0.02910
-0.15577
0.02251
-0.09947
0.02251
-0.05725
-0.09947
-0.00564
-0.11824
0.02251
-0.10886
0.01313
0.01782
-0.14170
0.01782
-0.09947
-0.00095
-0.04317
-0.13701
0.05066
-0.14639
0.01782
-0.05256
-0.12762
0.00844
-0.09478
0.03659
-0.12762
-0.13232
-0.00564
-0.15108
0.05066
-0.13232
0.00844
-0.09009
-0.14639
0.00375
-0.14639
0.04597
-0.14170
0.02720
-0.13232
0.01313
-0.03379
-0.12762
0.02251
-0.12762
0.05066
-0.14170
-0.00095
-0.02910
-0.15108
0.03659
-0.15108
0.02720
-0.12293
0.02251
-0.04786
-0.07132
0.04597
-0.16047
0.02720
-0.09947
0.04128
-0.11824
0.00375
-0.15577
0.03190
-0.12293
0.00375
-0.10886
0.00375
-0.06194
-0.13701
-0.02910
-0.05725
0.01313
-0.15108
0.01313
-0.09009
0.06005
-0.09947
0.01313
-0.14170
0.00375
-0.10416
0.01782
-0.07132
0.05066
-0.10416
0.02251
-0.14170
0.00844
-0.12293
0.00844
-0.16047
0.00375
-0.14170
-0.07132
0.01313
-0.10416
0.02720
-0.11824
-0.00095
-0.12762
-0.05256
-0.01502
-0.11824
0.00375
-0.11824
-0.01502
-0.12293
0.01313
-0.13701
-0.06663
-0.02440
-0.10886
0.00844
-0.10416
0.03190
-0.16985
0.00844
-0.11824
-0.07132
0.04128
-0.13701
0.03659
-0.08540
-0.05725
0.00375
-0.11355
-0.01033
-0.15108
-0.13232
0.05536
-0.06194
-0.08540
-0.00095
-0.15108
-0.07601
0.01313
-0.12762
0.02251
0.05066
-0.14170
-0.01502
0.01313
-0.12293
-0.00564
0.02251
-0.13232
0.01313
-0.01033
-0.10886
-0.03379
-0.01502
-0.08071
-0.13232
-0.00564
-0.01502
-0.14639
-0.06194
0.02251
0.02251
-0.10416
-0.05256
0.01782
-0.09009
-0.15577
-0.04317
0.00375
-0.14639
-0.13232
-0.05725
0.02251
0.01313
-0.11824
-0.12762
0.02720
0.03190
-0.14639
-0.10416
-0.08071
0.00375
0.00375
-0.11355
-0.11355
0.02251
0.04597
-0.10416
-0.09947
0.01782
-0.00564
-0.13232
-0.11355
0.03190
0.01782
-0.10886
-0.04786
0.02251
-0.12762
-0.12762
-0.04317
0.01313
-0.00564
-0.16985
-0.10886
0.03190
-0.01502
-0.14639
-0.10416
-0.11824
0.00375
0.02720
-0.07132
-0.12762
-0.02910
0.01313
-0.13232
-0.16047
-0.06663
0.03659
-0.09947
-0.08540
0.03190
0.01782
-0.09478
-0.10416
0.00375
0.00375
-0.14639
-0.06663
-0.01971
0.07412
-0.17454
0.00844
-0.11824
0.00844
-0.09009
-0.01502
-0.00095
-0.14170
0.02251
-0.11355
-0.04786
0.01313
-0.14639
-0.05725
0.02720
-0.16047
-0.06663
-0.00564
-0.14170
-0.13701
-0.02440
0.00375
-0.10416
-0.11355
-0.00564
0.03190
-0.07132
-0.09478
-0.00564
-0.00564
-0.12293
-0.13232
-0.06194
0.03659
-0.01502
-0.11824
-0.08540
-0.04786
0.01782
-0.00095
-0.07132
-0.11355
-0.11355
-0.01502
0.02720
-0.02440
-0.07601
-0.15108
-0.04317
-0.01971
0.02251
-0.13232
-0.12293
-0.13232
0.00375
-0.01502
0.04128
-0.09478
-0.11824
-0.05256
0.02720
0.04128
-0.09947
-0.11824
0.02251
0.01782
-0.10416
-0.05725
0.02720
-0.06663
-0.11355
-0.00095
-0.10886
-0.11824
0.02251
-0.09947
0.04597
0.02720
-0.12762
-0.12293
0.00375
-0.09947
-0.08540
0.01782
-0.02440
-0.08540
0.02720
0.05066
-0.04317
-0.10416
0.04597
0.04128
-0.04786
-0.14170
-0.10886
0.04128
0.00844
-0.10416
-0.10416
-0.13701
0.04128
0.01313
-0.02910
-0.11355
-0.13232
0.00844
0.03659
0.00375
-0.04786
-0.09478
-0.11824
-0.13232
0.00375
0.03659
-0.00095
-0.05725
-0.12293
-0.12762
-0.10886
-0.06194
0.03659
0.01313
0.02251
0.03659
0.31282
-0.05725
-0.09947
-0.12762
-0.09947
-0.08071
-0.11824
0.04597
0.02251
0.01313
0.05066
0.02720
0.01313
0.01782
-0.04317
-0.04786
-0.09947
-0.11355
-0.09947
-0.12293
-0.11824
-0.13701
-0.11355
-0.11355
-0.12293
-0.13232
-0.14639
-0.08071
-0.09947
-0.08540
-0.07601
-0.10416
-0.09478
-0.11355
-0.14639
-0.13232
-0.10416
-0.10416
-0.10416
-0.10416
-0.14639
-0.11355
-0.06663
-0.10416
-0.10886
-0.10886
-0.09478
-0.09947
-0.09478
-0.09009
-0.03379
-0.06194
-0.01033
-0.00095
0.01313
0.01313
0.02720
0.04128
0.01782
-0.00564
0.00844
0.04597
0.05066
0.04128
0.01313
0.04597
0.00844
-0.06663
-0.12762
-0.08540
-0.07601
-0.09947
-0.13232
-0.09947
-0.13701
-0.08071
-0.11355
-0.04786
-0.02910
0.01782
0.00375
0.00844
0.04597
0.03190
0.00844
0.01782
0.03190
0.04597
0.02720
0.04128
0.00375
0.00375
0.00375
0.02251
0.04128
0.02720
-0.00564
-0.13701
-0.15108
-0.14639
-0.13232
-0.14170
-0.13701
-0.11355
-0.12762
-0.13232
-0.00095
0.03659
0.03659
0.02251
0.04128
-0.00095
0.06005
0.00375
0.00844
-0.06663
-0.11824
-0.11824
-0.09947
-0.07601
-0.07132
0.01313
0.02720
0.03190
0.00375
-0.05725
-0.12293
-0.13232
-0.11824
-0.14170
0.00844
-0.00095
0.00375
-0.02440
-0.09009
-0.11824
-0.12293
-0.08071
0.02251
0.05066
0.02720
0.00844
-0.03379
-0.13232
-0.09009
-0.09009
0.01782
0.00844
-0.00564
-0.07132
-0.09478
-0.13232
-0.15108
0.03190
0.02251
-0.05725
-0.09947
-0.14170
-0.01971
0.01782
-0.02440
-0.06194
-0.10886
-0.09947
-0.13701
-0.09947
-0.05725
-0.15108
-0.13232
0.00375
0.01313
0.00844
0.02720
0.06005
0.01782
0.02720
-0.05256
-0.14639
-0.10416
-0.09478
-0.10886
-0.12762
0.05536
0.04597
0.01313
-0.00564
-0.07132
-0.14170
-0.09947
0.01782
0.02251
-0.14170
-0.09478
-0.15108
-0.10416
-0.14639
-0.13232
-0.08540
0.01782
-0.16047
-0.01971
-0.09947
-0.05725
-0.01502
-0.16047
0.02251
0.00844
-0.13701
-0.04317
0.00844
-0.09478
-0.11355
-0.03379
0.00375
0.03190
-0.15108
-0.09478
-0.04786
0.00844
0.03190
-0.00564
-0.07132
-0.10416
-0.12293
-0.04317
-0.02440
-0.03379
0.03190
0.04597
-0.00095
-0.01502
-0.13232
-0.12293
-0.15108
-0.09478
-0.14170
-0.16516
-0.11355
-0.06663
-0.09009
-0.09947
-0.12293
-0.13701
-0.14170
-0.14170
-0.12293
-0.10416
-0.14170
-0.16047
-0.08540
-0.11824
-0.14639
0.00844
-0.00564
0.04128
-0.04317
0.04128
-0.01033
-0.02440
-0.04786
-0.13232
-0.15577
-0.12293
-0.06194
-0.01971
0.01782
-0.00095
0.00375
0.01313
-0.03379
-0.11824
-0.12762
-0.10886
-0.09947
-0.11824
-0.01033
-0.01971
0.02251
0.01313
-0.02910
-0.13701
-0.13701
-0.14170
-0.06194
0.03659
0.05066
0.04128
0.03190
-0.07132
-0.14170
-0.13232
-0.01502
0.02720
0.03190
-0.01971
-0.13232
-0.12293
-0.07132
0.01782
0.02720
0.02251
-0.04786
-0.10886
-0.17454
-0.13232
0.02720
0.04597
-0.00564
-0.12762
-0.10886
-0.07601
-0.01971
-0.00095
0.04597
-0.10886
-0.10886
-0.07601
-0.01033
0.04597
-0.02910
-0.11824
-0.07601
-0.10416
0.00375
0.04128
-0.03848
-0.12762
-0.07132
-0.12293
0.04128
-0.01971
-0.09009
-0.11824
-0.10416
0.06474
-0.01033
-0.10416
-0.08540
0.00375
-0.01502
-0.02440
-0.06663
-0.07601
0.02720
-0.02910
-0.13701
-0.10416
0.03659
0.00375
-0.06194
-0.14639
-0.09478
0.05066
0.01782
-0.09947
-0.10886
0.03659
0.01782
-0.10886
-0.09009
0.02720
0.01782
-0.13232
-0.12762
0.04128
-0.09009
-0.12762
0.05536
-0.01033
-0.14170
-0.00564
-0.00564
-0.09947
-0.12293
0.04597
-0.13232
-0.04786
0.01782
-0.07601
-0.07132
0.03659
-0.14170
-0.12293
-0.01502
-0.11355
0.01782
0.00375
-0.08071
0.04128
-0.05256
-0.08540
0.01313
-0.13232
-0.10886
0.02720
-0.08540
0.01782
0.03190
-0.10886
0.03659
-0.04786
-0.06663
0.04128
-0.11355
0.01313
-0.06194
-0.07601
0.01313
-0.10886
0.01313
-0.11824
-0.01502
-0.04786
0.01313
-0.04786
-0.13701
-0.05256
-0.10886
-0.01971
0.02720
-0.04317
0.02251
-0.10886
0.00844
-0.09478
0.05536
-0.12762
0.04128
-0.09009
-0.00095
-0.08540
-0.06663
0.03190
-0.12762
-0.00095
-0.09009
0.03659
-0.01033
-0.09947
0.02720
-0.09009
-0.05256
0.04128
-0.10886
0.02251
0.02251
-0.12762
0.00844
-0.00564
-0.12293
0.01782
0.04597
-0.09947
-0.03848
0.05066
-0.08071
-0.15108
0.02720
0.01313
-0.14170
0.02251
0.04128
-0.10886
-0.11824
-0.01033
0.00375
-0.13232
-0.09478
0.01313
-0.00095
-0.13232
-0.11355
0.00844
0.02720
-0.10416
-0.12293
-0.03848
0.05536
0.00844
-0.11824
-0.08540
0.01782
0.03659
-0.11355
-0.13701
-0.07601
-0.01033
0.01782
-0.05725
-0.12293
-0.11355
-0.02910
0.04128
0.00375
-0.08071
-0.09947
-0.03848
0.03190
-0.00564
-0.11355
-0.09009
0.01782
-0.00095
-0.15108
-0.12293
-0.00095
0.00375
-0.11355
-0.04786
0.05066
0.04128
-0.10886
-0.05256
0.04597
0.01313
-0.09947
-0.09947
0.00844
0.02251
-0.06663
-0.14170
-0.03848
0.03190
0.00375
-0.14170
-0.11824
0.02720
0.03659
-0.08071
-0.14170
-0.02440
0.00844
-0.11824
-0.12762
-0.03848
0.01313
-0.12293
-0.12762
-0.02910
0.04128
0.03190
-0.10416
-0.06194
0.00375
-0.00095
-0.12293
-0.09947
-0.01033
0.00375
0.02251
-0.10886
-0.09478
-0.03848
0.06474
0.02251
-0.10886
-0.08540
-0.09009
-0.03379
-0.00095
0.00375
-0.02910
-0.09947
-0.14639
-0.12762
-0.14170
-0.03379
0.00375
-0.00095
0.00844
-0.05256
-0.09947
-0.10886
-0.11355
-0.05725
0.01313
0.02720
0.01313
0.00844
-0.11355
-0.12293
-0.09009
-0.02440
0.00375
0.03190
0.04128
0.01782
-0.06663
-0.10416
-0.08071
-0.03379
0.01782
0.00844
0.00375
-0.08071
-0.09009
-0.09478
-0.05725
-0.00095
-0.00095
0.01313
-0.09009
-0.14170
-0.12293
0.00375
0.03659
0.01782
-0.13701
-0.10416
-0.11824
-0.09009
0.00375
0.04597
0.04128
-0.13701
-0.10416
-0.12293
-0.10886
-0.01033
0.01782
0.03190
0.01313
-0.08071
-0.11824
-0.13232
-0.03848
-0.00564
-0.00095
0.00844
-0.09478
-0.13232
-0.11824
-0.09478
-0.00095
0.03659
0.02251
-0.12762
-0.12762
-0.09947
-0.04317
-0.00564
0.01782
0.00844
-0.15577
-0.06663
-0.04786
0.04128
0.02251
-0.07601
-0.12762
-0.05725
0.00844
0.03659
-0.10886
-0.09947
-0.09009
-0.00564
0.03190
-0.13701
-0.09009
-0.12762
0.01782
0.00844
0.01313
-0.12293
-0.10886
-0.04317
0.00844
0.04128
-0.11824
-0.11355
-0.12762
-0.02440
0.03659
0.01782
-0.10416
-0.09478
-0.09947
-0.04317
0.00844
0.00844
0.00844
-0.11355
-0.05256
-0.11824
-0.11824
-0.09478
-0.09009
-0.09947
-0.04317
-0.03848
-0.03379
0.00375
0.01313
-0.01033
-0.01502
0.02251
0.00375
0.00375
-0.01033
0.00375
-0.00564
0.00844
0.00844
0.00844
-0.02910
-0.05256
-0.04786
-0.12762
-0.09478
-0.14170
-0.09947
-0.12762
-0.07601
0.00375
0.00375
-0.00564
0.03190
-0.01033
-0.05256
-0.09009
-0.10886
-0.08071
0.03190
0.01782
-0.00095
0.00844
-0.03379
-0.12762
-0.10886
-0.08540
0.03190
0.02720
0.02720
-0.02440
-0.10416
-0.10886
-0.13232
0.02720
0.04128
-0.01971
-0.10886
-0.10416
-0.07132
-0.01502
0.01313
-0.00564
-0.03379
-0.07601
-0.13701
-0.14639
0.03659
-0.09478
-0.08071
-0.00095
-0.01502
-0.09947
-0.01502
0.01782
-0.09478
-0.14639
0.01313
-0.14170
-0.10416
0.05066
-0.04317
-0.12293
0.02720
0.00844
-0.12762
-0.09947
0.03659
-0.00564
-0.13701
-0.01033
0.03659
-0.12293
-0.07601
0.01313
-0.03848
-0.11824
0.04128
-0.02440
-0.10416
0.02720
-0.02440
-0.11824
0.01313
-0.09009
-0.12762
-0.00564
-0.10416
-0.01502
-0.00095
-0.01502
-0.02440
-0.05725
-0.09947
-0.09478
-0.09947
-0.12293
-0.09947
-0.14639
0.02251
0.03190
