0.07881
0.06943
0.05536
0.08820
0.08351
0.09289
0.05066
0.09758
0.08351
0.07881
0.05536
0.07881
0.06005
0.06005
0.16466
0.06005
0.05066
0.09920
0.07412
0.06943
0.02720
0.02720
0.04597
0.08820
0.07881
0.01313
0.04128
0.07881
0.05536
0.02720
0.10696
0.08820
0.07412
0.05536
0.08351
0.09758
0.06005
0.03190
0.05536
0.05536
0.06474
0.06474
0.04597
0.01313
0.02251
0.06005
0.06474
0.02251
0.07881
0.06005
0.03190
0.06005
0.06943
0.06005
0.02720
0.06943
0.09289
0.08351
0.08820
0.02720
0.03190
0.07881
0.09289
0.04128
0.06005
0.07412
0.02251
0.04128
0.01313
0.05536
0.01782
0.03190
0.06943
0.07412
0.03190
0.06474
0.02720
0.10696
0.04597
0.04128
0.06943
0.05066
0.05066
0.00844
0.04128
0.07881
0.02251
0.06943
0.03190
0.10696
0.00375
0.06005
0.08820
0.08820
0.09758
0.08820
0.04597
0.04128
0.09758
0.08820
0.03659
0.06474
0.06943
0.04128
0.02251
-0.01502
0.09758
0.01313
0.03659
0.04128
0.06474
0.04597
0.05066
0.06005
0.08351
0.08820
-0.00095
0.03659
0.02720
0.00844
0.07412
0.07412
0.00844
0.08820
0.05066
0.06474
0.05066
0.06474
0.07412
0.08820
0.07412
0.07412
0.00375
0.06005
0.06474
0.08820
0.04597
0.09289
0.04128
-0.01502
0.06943
0.04597
0.07412
0.04128
0.06943
0.07412
0.06474
0.02720
0.06474
0.03190
0.07881
0.01782
0.08351
0.07881
0.06474
0.08820
0.05536
0.11166
0.05536
0.06943
0.07881
0.06943
0.03659
0.10227
0.06943
0.04597
0.10696
0.09289
0.06474
0.07412
0.06005
-0.02440
-0.02910
0.10696
-0.05725
0.04128
-0.01033
0.08351
0.00375
-0.01033
0.00844
0.04128
0.09159
0.01782
0.00844
0.07412
0.07412
0.03190
0.01313
0.01782
0.04597
0.06474
0.02720
0.05066
-0.00095
-0.00095
0.00844
0.00844
0.07881
0.02251
0.00375
0.06005
-0.02440
0.09758
0.05536
-0.09478
0.03659
0.03659
0.09289
0.02720
0.07881
0.04597
0.04597
0.06943
0.11166
0.06005
0.02251
0.05536
0.05536
0.01782
0.04597
0.03659
0.01782
0.03190
0.08820
-0.01502
-0.01502
0.03659
0.06005
0.06943
0.06474
0.05066
0.00844
0.04128
0.01782
0.04128
-0.03379
0.01313
0.04128
0.07412
0.10696
-0.02910
0.06005
0.02251
0.05536
0.02720
0.02720
0.06005
0.07881
0.01313
0.06943
-0.03848
0.05066
0.03190
0.07881
0.01782
0.04128
0.06474
0.03190
0.01313
-0.00564
0.04597
0.09758
0.06474
0.02720
0.04128
0.08820
0.02720
-0.00095
0.03190
-0.00564
0.02251
-0.02440
0.02251
0.05066
0.03190
0.06474
0.07881
0.00844
0.01782
0.08820
-0.01033
0.05536
0.05066
0.00844
0.03659
0.05536
-0.01033
-0.00564
0.04128
0.01313
0.06005
0.05066
-0.01502
0.02720
-0.01033
0.04128
0.01782
0.05536
0.09289
0.02251
0.06005
0.01313
0.00844
0.02720
0.05536
-0.01502
0.03659
0.07412
0.01313
-0.01971
0.06943
-0.07132
-0.00564
0.01782
0.09758
0.06005
-0.00564
0.00375
0.01782
0.01782
-0.00564
0.05066
0.01313
0.08820
0.02720
-0.03379
0.03659
-0.08071
-0.11355
-0.01971
0.03190
0.00844
0.07881
-0.02910
-0.00095
-0.14170
0.05066
-0.03848
-0.03848
0.04128
0.04128
0.04128
0.05066
0.02251
0.01313
-0.05256
0.07412
-0.01502
0.05536
0.04583
0.06474
-0.01971
-0.01033
0.01313
-0.00564
-0.05725
-0.01033
-0.02910
-0.03848
0.06943
-0.01971
-0.04317
0.08351
-0.01502
0.00844
0.06474
0.05536
0.04597
0.00375
0.02251
0.03659
0.03190
0.05066
-0.03379
0.06005
0.06005
-0.04317
0.07881
-0.09009
0.21627
0.04597
-0.06194
0.04597
0.00375
-0.06194
0.09758
-0.02910
-0.04317
-0.02910
0.02251
-0.00095
-0.03848
-0.08540
0.01782
-0.04317
0.04128
-0.00564
-0.09947
-0.01971
0.01782
-0.09947
-0.01033
-0.04317
0.05066
0.02251
-0.02910
0.01782
-0.05256
0.09289
0.03190
0.06005
0.07881
0.00844
-0.05256
-0.04317
0.00844
0.04597
0.05536
0.01782
0.02720
-0.06663
0.01782
-0.06194
0.06005
0.04597
0.11166
0.02251
0.02251
0.04597
0.08820
0.00375
-0.03848
0.04597
0.02720
0.08351
0.05536
-0.01033
-0.04786
0.03190
0.10696
0.06005
0.11166
-0.02910
0.00844
0.05066
-0.09478
0.03659
-0.01971
-0.10886
0.01782
0.01782
-0.09478
-0.04786
-0.05725
-0.07601
0.00844
0.02720
-0.01971
-0.06194
0.04597
-0.03848
0.04128
0.06943
-0.10886
-0.09478
-0.14170
0.10227
0.01782
-0.10886
-0.08071
-0.06663
0.02720
-0.07601
-0.06194
0.09758
-0.01033
-0.01033
0.02720
-0.03848
-0.17454
0.06474
0.04128
0.06474
0.07412
0.02720
-0.01502
0.05536
-0.10886
-0.06663
0.03190
-0.00564
0.01313
-0.09947
0.03659
-0.01502
-0.08540
0.03190
0.05536
0.00375
0.02251
0.05536
0.07881
0.08351
0.03190
-0.00564
-0.03848
0.04597
-0.04786
-0.01971
0.01313
0.01782
-0.10416
0.05536
-0.05256
0.06005
0.08820
0.00844
-0.09009
-0.07601
-0.06194
0.06005
0.02720
0.02720
0.07412
-0.10416
-0.01971
-0.03379
-0.08540
-0.01971
0.08351
0.02720
0.05536
-0.05725
-0.06194
0.03659
0.02720
-0.09478
-0.06194
0.02251
0.07412
-0.07601
-0.01971
0.04128
-0.06194
-0.04317
0.02251
0.06474
-0.04786
0.04128
0.07881
-0.00564
-0.02910
0.04597
0.02251
-0.09478
-0.04786
0.07412
0.05536
-0.03848
0.00844
0.04128
0.07412
-0.04786
-0.07601
0.03190
-0.00095
-0.10416
-0.09947
-0.04786
0.01313
0.00844
0.00844
0.03659
-0.06194
-0.03379
-0.06194
-0.07132
-0.00564
0.07412
0.05066
0.09289
0.02251
0.08351
0.05066
0.04597
0.05536
0.02251
0.08820
0.02720
0.02251
-0.01033
-0.11355
-0.09009
-0.06194
-0.09478
-0.01502
0.02251
0.02720
0.00375
-0.10886
-0.08071
-0.10416
-0.13701
0.02720
0.06474
-0.01033
-0.02910
-0.02910
-0.07132
-0.00564
0.06943
0.06943
-0.07601
-0.06194
-0.09947
0.03659
0.06474
-0.01033
-0.07601
-0.03848
0.05536
0.06005
-0.09478
-0.10416
-0.00564
0.04128
-0.04317
-0.12293
0.01782
0.07412
-0.06663
-0.14639
0.06474
-0.03848
-0.09009
0.06005
-0.03848
-0.04786
0.04128
-0.04317
-0.02440
0.07412
-0.00095
0.07412
0.07881
0.31175
0.01782
-0.05256
0.05066
0.08336
-0.04317
0.05066
-0.01971
0.06005
-0.06194
0.02251
0.00375
-0.09478
0.04128
-0.11824
-0.00095
0.05536
-0.09009
0.08820
-0.09478
0.03659
-0.07132
-0.01971
0.08351
-0.09947
0.02720
0.07881
-0.10886
0.00375
0.06005
-0.12293
-0.10886
0.02720
0.08820
-0.07132
-0.02910
0.03190
0.03659
-0.09947
-0.10886
0.00844
0.05066
-0.15108
-0.07601
0.04128
0.03659
-0.08540
-0.13701
0.01782
-0.00095
-0.11355
-0.12293
0.00375
0.02251
-0.16985
-0.09947
0.01782
0.01313
-0.12293
-0.10886
0.03190
0.07412
-0.01971
-0.03379
0.05536
-0.03379
-0.14170
-0.09009
0.05066
0.06943
-0.06663
0.01782
0.03190
-0.05725
-0.09947
0.07881
-0.10886
-0.07601
0.05536
-0.09478
-0.00564
-0.01971
-0.15108
0.08820
-0.02910
0.02251
-0.13701
-0.05256
-0.01033
-0.05725
0.03190
-0.05256
-0.00564
-0.05256
-0.12293
-0.02440
-0.11355
-0.01971
0.04128
-0.11824
-0.13701
-0.01033
0.01313
-0.03379
-0.09947
-0.15577
-0.00095
-0.01033
0.06005
0.04128
0.13512
0.06943
0.04597
0.08351
0.02251
0.06943
0.01313
-0.01971
-0.12293
-0.11824
-0.06194
-0.01971
0.03190
-0.18392
-0.13232
0.05066
-0.02440
-0.09947
0.01782
-0.15577
-0.04317
-0.00095
-0.04317
0.02251
-0.12293
-0.03379
-0.03379
-0.08540
0.03190
-0.10416
-0.09009
0.01313
0.01782
-0.14170
-0.06194
-0.00564
0.08351
0.03659
0.00844
-0.03848
-0.05256
-0.01502
0.01782
0.03659
0.05066
0.04128
-0.08071
-0.05256
0.06943
0.05536
-0.11824
-0.00564
0.01313
-0.06663
-0.00564
-0.04786
0.04597
-0.13232
0.06005
-0.03379
0.03190
0.02720
-0.03848
-0.09009
0.03659
0.04128
0.02720
-0.02910
-0.00564
-0.03379
0.00375
-0.03379
-0.11355
-0.01502
0.05066
-0.00095
-0.15577
-0.06663
-0.03848
-0.04156
-0.08071
-0.09478
-0.00564
-0.05256
0.01782
-0.06663
0.09289
-0.10886
0.08351
-0.05256
0.05536
0.05536
-0.02910
-0.13701
0.02720
0.08351
-0.07132
-0.13232
0.00045
-0.07601
-0.15577
-0.19800
-0.18862
-0.04317
-0.13232
-0.08071
-0.03379
-0.00564
0.02882
0.03190
-0.12762
-0.04317
-0.01033
-0.08071
-0.01971
-0.05725
-0.07601
0.06005
-0.01971
-0.02440
-0.02910
-0.05725
0.00844
-0.02440
-0.01971
-0.16985
-0.01033
0.06474
-0.01502
-0.05256
-0.04317
-0.04786
-0.03379
-0.10416
-0.02440
0.02720
-0.01033
0.04597
-0.10416
-0.03848
0.01782
-0.14170
-0.08540
-0.01502
-0.02910
0.06943
-0.02910
0.01782
-0.04317
0.06005
0.11635
-0.10886
0.09628
0.01313
-0.01502
-0.09478
-0.09478
0.01782
0.04128
0.00375
0.01313
-0.00095
-0.04317
0.01313
-0.00095
0.02251
-0.17923
-0.10886
-0.02910
0.06005
0.01782
-0.12293
-0.04317
0.03190
-0.10886
0.08820
-0.09009
0.03190
-0.03848
0.01313
-0.01033
0.00844
0.06005
-0.06663
-0.01033
0.00844
-0.08071
-0.07132
-0.14639
-0.00095
-0.02440
0.04128
-0.00095
-0.00095
0.04597
0.00844
0.01782
0.02251
-0.10886
-0.02440
-0.04317
0.00844
0.07881
-0.07601
0.03190
0.09289
0.00375
0.06005
-0.05256
0.01313
-0.04786
0.07881
-0.06194
0.01782
0.00375
-0.09009
-0.01033
0.04128
-0.04317
-0.09478
-0.07601
-0.21208
-0.01033
0.01313
0.02720
0.04597
-0.03848
-0.12762
-0.08071
-0.05256
-0.03379
0.04128
-0.01971
-0.12293
0.01313
-0.04317
-0.13232
0.08351
-0.09009
-0.00564
-0.04317
-0.00564
-0.05725
-0.17923
-0.04317
-0.09947
-0.05725
0.06474
0.03659
-0.00564
-0.09478
-0.06663
0.06460
-0.09478
-0.06194
-0.03848
-0.05725
-0.09009
0.06005
0.05066
-0.08540
-0.07132
0.04128
0.05066
-0.08540
0.04128
0.02720
-0.09478
0.04128
-0.08071
0.02251
-0.08071
0.01313
-0.07132
0.02720
0.05066
-0.09009
0.02720
0.04128
-0.09947
-0.03379
-0.00564
0.03190
0.03190
-0.04786
-0.01502
-0.06663
-0.09009
-0.07132
-0.06663
-0.04317
-0.05725
-0.06194
0.01782
0.01313
0.06005
-0.09009
-0.04786
-0.08071
0.03190
-0.13232
-0.04317
0.01782
-0.06663
-0.05725
0.02720
-0.09009
0.02251
-0.10416
-0.05725
0.06474
-0.05725
-0.11824
0.01782
-0.04786
-0.05256
-0.03848
0.08351
0.02251
0.05536
0.05536
0.00375
0.01782
0.10227
0.04128
0.02251
0.05066
0.04597
-0.06663
-0.07601
-0.00564
0.01782
-0.07132
-0.06194
0.03190
-0.05725
0.01782
0.07881
-0.09947
0.03190
-0.12762
0.02720
-0.00564
-0.07132
0.02251
-0.05725
-0.15108
0.04128
-0.05725
-0.07601
0.03659
0.00375
-0.07601
-0.03848
-0.02910
-0.16516
0.02251
0.02251
0.07412
0.00375
0.03190
-0.07601
-0.05256
-0.10416
