
0.13512
0.05066
0.14919
0.08820
0.15388
0.06005
0.17734
0.18672
0.06943
0.02720
-0.01971
0.18672
0.17734
0.07412
0.08351
0.09758
0.13512
0.04128
0.13042
-0.02910
0.09758
0.03190
0.14919
0.07881
0.02720
0.02720
-0.03379
0.16327
0.16327
-0.03379
0.05536
0.08351
0.07412
0.11166
0.13042
0.08820
0.17734
0.18203
0.07412
0.14919
0.06005
0.13512
0.06474
0.16796
0.04128
-0.01502
0.14450
0.08820
0.18735
0.15857
0.06943
0.05066
0.13981
0.15857
0.08820
0.04597
0.05536
0.16327
0.16327
0.16796
0.13981
0.17734
0.09758
0.08351
0.09758
0.05066
0.06474
0.05066
0.10696
0.09758
0.18203
0.15388
0.14450
0.19142
0.15388
0.05536
0.06474
0.05536
0.07881
0.14450
0.16327
0.16796
0.06474
0.04597
0.16796
0.14919
-0.00095
0.06005
0.15857
0.18672
0.05066
0.04128
0.13042
0.17265
0.06005
0.13981
0.13042
0.04597
0.14450
0.17265
0.06474
0.14919
-0.01033
0.04128
0.15857
0.06005
0.13042
0.05066
0.08351
0.13512
0.05066
0.15857
0.04597
0.14919
0.05066
0.13981
0.03659
0.17265
0.06474
-0.02440
0.15388
0.06943
0.13512
0.08820
0.15388
0.14450
0.07412
0.15388
0.06005
0.02720
0.16796
0.05536
0.15388
0.14450
0.03659
-0.04786
0.14919
0.06005
0.13042
0.13981
0.07412
-0.02910
0.14919
0.06005
0.02251
0.15388
0.09289
0.05066
0.13512
0.14450
0.06474
-0.03848
0.16796
0.05536
0.05066
0.15388
0.14450
0.07881
0.04597
0.05536
0.16796
0.14919
0.11166
0.03190
0.06005
0.03659
0.13042
0.12104
0.13981
0.14919
0.10227
0.06005
0.05066
0.06005
0.05536
0.06474
0.05066
0.06005
-0.00095
-0.01502
0.15388
0.14919
0.15388
0.16327
0.15857
0.16327
0.16796
0.13981
0.14919
0.14450
-0.01033
0.03659
0.04597
0.05066
0.04128
0.06005
0.04597
0.13512
0.15857
0.16796
0.14919
0.06943
0.06943
0.04597
0.10227
0.14919
0.13512
0.01313
0.02720
0.06943
0.16327
0.14919
0.04597
0.06005
0.11166
0.14450
0.04597
0.08820
0.16327
-0.04786
0.05536
0.11166
0.14450
0.07412
0.13981
0.13512
0.06005
0.16796
0.01782
0.06474
0.16327
0.06943
0.14450
-0.03848
0.07412
0.14919
0.07412
0.16327
0.05536
0.13981
0.04597
0.15388
0.13028
0.15857
0.01782
0.15388
0.04128
0.16327
0.06474
0.15388
0.04597
0.14450
0.07412
-0.03379
0.13512
0.06474
0.17265
0.06005
0.15857
0.06943
0.14919
0.04597
-0.07132
0.10696
0.02720
0.14919
0.05066
0.14919
0.06005
0.13981
0.09758
0.05066
0.16796
0.05066
0.14919
0.06005
0.16327
0.07412
-0.01502
0.13981
0.03190
0.14919
0.04597
0.14450
0.07412
0.02251
0.13981
0.03659
0.13512
0.13981
0.07881
0.18203
0.13512
0.06474
0.12573
0.13512
0.05066
0.17734
0.12104
0.06474
0.15388
0.13512
0.06005
0.15388
0.13512
0.03659
-0.01971
0.17265
0.08351
0.07412
0.16327
0.16796
0.05536
0.05536
0.13042
0.14450
0.06943
0.08351
0.13981
0.13981
0.13512
0.05536
0.05536
0.17734
0.14919
0.07412
0.05066
0.06474
0.14450
0.14450
0.08820
0.08351
0.01782
0.15857
0.13512
0.06943
0.06943
0.05066
0.15388
0.16796
0.05536
0.03190
0.03190
0.14450
0.15857
0.08351
0.06943
0.03659
0.17734
0.17265
0.13512
0.09758
0.06474
0.04128
0.02251
0.14919
0.18203
0.16327
0.06474
0.02720
0.03659
0.05066
0.01782
0.14919
0.12573
0.13981
0.14450
0.14450
0.09758
0.08351
0.08351
0.08351
0.08820
0.05536
0.06474
0.11635
0.17265
0.13512
0.15388
0.14450
-0.00564
0.03659
0.07412
0.07881
0.02720
0.05536
0.14919
0.14919
0.16796
0.15857
0.14919
0.04128
0.07412
0.07881
0.06005
0.10227
0.16327
0.14919
0.13981
0.14919
0.05066
0.06943
0.05066
0.13512
0.15857
0.13512
-0.02440
0.06474
0.05536
0.07412
0.13981
0.14450
0.15388
0.06005
0.02720
0.06005
0.16327
0.13981
0.16796
0.03190
0.05536
0.08351
0.12573
0.15388
0.13042
0.06005
0.04128
0.07881
0.15388
0.17734
0.04597
0.06005
0.08820
0.16796
0.12573
0.05066
0.06005
0.15388
0.14919
0.05066
0.05536
0.17265
0.14919
0.06005
0.01782
0.16796
-0.00564
0.05066
0.13042
0.13042
0.01313
0.04597
0.08351
0.17734
0.13512
0.05536
0.03659
0.12104
0.16327
0.13042
0.04597
0.06005
0.14919
0.17265
0.04128
0.02720
0.10696
0.13042
0.04597
0.08351
0.07881
0.13512
0.08021
0.02251
0.07881
0.13042
0.13512
0.04597
0.04128
0.14450
0.14450
0.02251
0.06474
0.16796
0.02251
0.04597
0.13042
0.12104
0.03190
0.09289
0.13512
0.06943
0.05536
0.17265
0.01782
0.06005
0.15388
0.13981
0.05066
0.10696
0.14450
0.05066
0.05066
0.14919
0.01313
0.01313
0.13042
0.12573
0.04597
0.13042
0.12104
0.02720
0.02251
0.13981
0.04597
0.05536
0.15857
0.04128
0.07412
0.15388
0.01313
0.02720
0.16796
0.14919
0.04597
0.14450
0.14450
0.03659
0.00844
0.13512
0.04597
0.05066
0.17265
0.03659
0.03659
0.19611
0.03190
0.06474
0.14919
0.06005
0.03659
0.13981
0.07412
0.07412
0.13981
0.15997
0.12104
0.12573
0.05536
0.13042
0.14919
0.03659
0.15388
0.16327
0.05536
0.13981
0.12573
0.05066
0.14919
0.13981
0.05536
0.12573
0.16327
0.05066
0.07412
0.13042
0.04597
0.09758
0.14919
0.05066
0.10227
0.14919
0.05066
0.12573
0.16796
0.05536
0.08820
0.14919
0.08351
0.02720
0.14919
0.05536
0.04128
0.17734
0.01782
0.08351
0.16796
0.03659
0.07412
0.17265
0.17265
0.04597
0.08351
0.16327
0.34528
0.05536
0.15412
0.13042
0.04128
0.05536
0.16327
0.14450
0.10227
0.07881
0.17265
0.17734
0.06943
0.10696
0.18203
0.01782
0.05536
0.10227
0.13981
0.02251
0.06943
0.09289
0.15388
0.16796
0.07881
0.04128
0.13042
0.16796
0.14450
0.06005
0.03190
0.08820
0.15388
0.15388
0.01782
0.06005
0.07412
0.13512
0.13981
0.16327
0.05066
0.06943
0.06943
0.13512
0.16796
0.17265
0.03659
0.06005
0.07412
0.16796
0.19142
0.15857
0.06943
0.05066
0.10696
0.15388
0.18203
0.06474
0.06943
0.08820
0.14450
0.16327
0.05066
0.09758
0.07881
0.17734
0.16327
0.04597
0.11635
0.07412
0.15857
0.17734
0.06005
0.06943
0.10227
0.19142
0.16327
0.07881
0.06943
0.14919
0.20080
0.15388
0.06474
0.05536
0.11635
0.14450
0.17734
0.08820
0.04597
0.09758
0.13042
0.14919
0.08351
0.05066
0.12104
0.18203
0.16327
0.06474
0.06474
0.14919
0.15388
0.07412
0.06474
0.15388
0.15388
0.03190
0.04597
0.13981
0.15388
0.03190
0.05066
0.12573
0.12573
0.02720
0.04597
0.10696
0.16327
-0.04786
0.02251
0.04597
0.15857
0.16796
0.06005
0.06474
0.12573
0.15388
0.04128
0.05066
0.10227
0.18672
0.15388
0.03190
0.07412
0.17265
0.16327
0.03659
0.03659
0.13042
0.13042
-0.00564
0.03659
0.05066
0.13042
0.14919
0.05066
0.06005
0.11166
0.16327
-0.00564
0.05066
0.06943
0.16796
-0.01971
0.05536
0.06943
0.16796
-0.00095
0.04128
0.14919
0.16327
0.05536
0.13042
0.13981
0.06943
0.05066
0.16327
0.05066
0.04597
0.15857
0.07412
0.04597
0.12573
0.04597
0.13512
0.13981
0.05066
0.16327
0.03659
0.01782
0.11166
0.04597
0.13512
0.13512
0.06005
0.14450
0.02720
0.05536
0.13042
0.07412
0.12104
0.15857
0.06005
0.13042
0.05066
0.06474
0.13042
0.04597
0.13512
-0.02910
0.04128
0.16796
0.05536
0.13042
-0.04317
0.07881
0.14919
0.03659
0.17265
0.01782
0.08820
0.15388
0.04128
0.16327
-0.02440
0.08351
0.16327
0.03659
0.14919
0.15388
0.07881
0.15388
0.05066
0.16327
-0.01502
0.06943
0.13981
0.05536
0.16327
0.03659
0.06474
0.17265
0.07412
0.15388
0.03190
0.06943
0.16796
0.04597
0.13042
0.18672
0.06943
0.17265
0.17734
0.05536
0.16796
0.05066
0.07412
0.16327
0.07412
0.19950
0.18672
0.06005
0.14919
0.06474
0.13512
0.14919
0.04597
0.13042
0.05536
0.13042
0.15857
0.07412
0.15857
0.08351
0.15857
0.06474
0.13042
0.01782
0.13512
-0.00564
0.06943
0.14450
0.04128
0.13981
0.05066
0.13512
0.04128
0.12573
0.03659
-0.06194
0.09289
0.01782
0.10696
0.03190
0.13981
0.06474
0.14919
0.04597
0.13042
0.06005
0.15388
0.04597
0.14919
0.07881
0.17265
0.11635
0.04597
0.15857
0.06005
0.16327
0.06474
0.16796
0.05066
0.14919
0.07881
0.15857
0.06943
0.15388
0.04128
0.02720
0.12104
0.05066
0.14450
0.07881
0.14450
0.06005
0.02720
0.16327
0.05066
0.14919
0.02720
0.02720
0.16327
0.05536
0.02251
0.13981
0.02251
-0.03379
0.13512
0.03659
-0.00095
0.13042
0.05066
0.05536
0.14450
0.13981
0.07881
-0.02440
0.13512
0.09289
0.05536
0.13981
0.11635
0.05066
0.04597
0.11635
0.13042
0.04597
0.06474
0.01782
0.14450
0.12573
0.02720
0.05066
0.14450
0.14450
0.09758
0.03659
0.03190
0.14450
0.14919
0.11166
0.04597
0.04128
0.14919
0.15388
0.12104
0.04597
0.03190
0.01313
0.14919
0.13981
0.10696
0.03659
0.03190
-0.01033
0.15388
0.14450
0.13981
0.04128
0.04597
0.02720
0.02251
0.13512
0.13512
0.14919
0.13512
0.14450
0.01782
0.06943
0.04597
0.05536
0.07881
0.03659
0.04597
0.01782
0.05536
0.02720
0.03190
0.04128
0.03190
0.05066
0.02720
0.03659
0.02251
0.03659
0.04597
0.05536
0.02720
0.03190
0.07412
0.06943
0.06943
0.13512
0.15857
0.13042
0.15857
0.14919
0.04597
0.06005
0.06005
0.11166
0.13981
0.12573
-0.01971
0.06943
0.02251
0.09289
0.15388
0.14919
0.04128
0.04597
-0.00095
0.14919
0.15388
0.04128
0.07881
0.03659
0.12104
0.12573
0.04597
0.05066
0.15388
0.12573
0.05536
0.07881
0.15857
0.04128
0.05066
0.15857
0.13981
0.04128
0.12573
0.17265
0.03190
0.12573
0.12573
0.04597
0.10227
0.10696
0.06005
0.04597
0.13981
0.04597
0.05536
0.12104
0.04597
0.10696
0.14450
0.04597
0.12573
0.14919
0.03190
0.13981
0.01782
0.01313
0.12573
0.05066
0.14004
0.16327
0.04597
0.14450
0.03190
0.05066
0.13512
0.04128
0.07881
0.11635
0.03659
0.12104
0.15388
0.04128
0.13512
0.03659
0.02251
0.14450
0.06943
0.15857
0.02720
0.11635
0.13042
0.06474
0.12573
0.06005
0.13512
0.03659
0.15857
0.04597
0.11635
0.01782
0.12573
0.00844
0.06943
0.12104
0.05066
0.15388
0.04597
0.11635
0.03190
0.13042
0.02251
0.02251
0.14450
0.04128
0.14450
0.01782
0.15857
0.02251
0.12104
-0.05725
0.04597
0.13042
0.05066
0.12573
0.04597
0.13042
0.00375
-0.00564
0.13981
0.04128
0.12104
0.03659
0.14919
0.02720
0.06005
0.14450
0.05066
0.11635
0.06943
0.14450
0.02720
0.15857
0.04597
0.14919
0.06943
0.15388
0.05066
0.15857
0.05536
0.13042
0.05066
0.12573
0.04597
-0.04317
0.15388
0.05536
0.16327
0.05536
0.14919
0.14450
0.05536
0.15388
0.12104
0.03190
0.15857
0.12573
0.05066
0.15857
0.13981
0.03659
0.03190
0.14919
0.01313
0.06474
0.13042
0.11635
0.06005
0.00844
0.16796
0.05066
0.06474
0.18203
0.13042
0.05066
0.03659
0.17265
0.13042
0.03190
0.02720
0.14919
0.10696
0.04597
0.06474
-0.01502
0.14450
0.10696
0.01782
0.02720
0.15857
0.13042
0.02251
0.03190
0.13981
0.12104
0.12573
0.04597
0.05536
0.14450
0.14919
0.11635
0.04597
0.02251
-0.04786
0.13981
0.13981
0.03190
0.08351
0.04597
0.13981
0.15857
0.12104
0.00375
0.03190
0.05066
0.15857
0.13981
0.13042
0.11635
0.06943
0.04128
0.04128
0.18203
0.13512
0.11635
0.13042
0.02720
0.04597
0.03190
0.03190
0.15388
0.16327
0.14450
0.14450
0.14450
0.13042
0.01782
0.07881
0.01782
0.06474
0.04597
0.03190
0.05536
0.01313
-0.00095
0.01782
0.15857
0.14919
0.15857
0.14450
0.16796
0.12573
0.13042
0.14450
0.13042
0.12573
0.15857
0.11635
0.13512
0.09289
0.01782
0.01782
0.02251
0.03190
0.02251
0.06943
0.06474
-0.01033
-0.00564
0.01313
-0.00095
0.01782
-0.00095
0.01782
-0.00095
0.04597
0.00844
0.01782
-0.00095
-0.00564
-0.00095
0.02720
0.03190
0.03659
0.05066
0.05536
0.10227
0.10227
0.11635
0.13981
0.13042
0.13512
0.15857
0.13042
0.13042
0.14450
0.13512
0.15857
0.17265
0.00844
0.03190
0.03659
0.06943
0.05066
0.06943
0.02720
0.02720
0.05066
0.04597
0.13042
0.11635
0.14919
0.13042
0.14919
0.13512
0.14919
-0.03379
0.01313
0.06005
0.06943
0.03659
0.03659
0.12104
0.12573
0.13042
0.13981
0.02251
0.03659
0.03659
0.00844
0.13042
0.13042
0.11166
0.15857
0.00375
0.06943
0.06005
0.04597
0.01782
0.10227
0.14919
0.12104
0.12573
0.14919
0.12104
0.16796
0.03190
0.04128
0.02720
0.04128
0.03659
0.05066
0.01782
0.05066
0.12573
0.13042
0.12573
0.13512
0.13981
0.14450
-0.02910
0.03659
0.03659
0.02251
0.00844
0.13512
0.15857
0.23427
0.04128
0.07412
0.03190
0.16796
0.15388
0.00844
0.04597
0.15388
0.14450
0.05066
0.03190
0.14450
0.16327
0.06474
0.10696
0.12573
0.07412
0.04597
0.14919
0.03659
0.05066
0.14919
0.00375
0.08351
0.13981
0.02720
0.01313
0.15388
0.06005
0.07881
0.17265
0.08820
0.13042
0.01313
0.05536
0.15388
0.02251
0.15857
0.04597
0.15388
0.02251
0.04597
0.17265
0.04597
0.12573
0.06005
0.12104
0.04597
0.10227
0.18672
0.03659
0.14450
0.04597
0.17265
0.08820
0.15388
0.06474
0.13981
0.06005
0.14919
0.06474
0.21550
0.04597
0.14450
0.03659
0.12104
0.01313
0.14450
0.03659
0.14919
0.06474
0.12104
0.04128
0.12104
0.01782
