0.34155
0.31809
0.31809
0.25241
0.35563
0.33686
0.30402
0.33217
0.39316
0.35094
0.23364
0.32748
0.35094
0.32748
0.27587
0.29464
0.31809
0.29933
0.33217
0.32279
0.31809
0.33217
0.24303
0.13981
0.34155
0.27587
0.28525
0.28056
0.26179
0.28056
0.35094
0.29464
0.14450
0.26179
0.31809
0.29464
0.27118
0.26648
0.28525
0.34155
0.26648
0.18672
0.35563
0.35094
0.21957
0.33686
0.30871
0.17734
0.14450
0.23364
0.27118
0.21018
0.33686
0.31340
0.30402
0.37909
0.28525
0.35094
0.32748
0.28525
0.31809
0.34155
0.29933
0.29464
0.23833
0.25710
0.27118
0.26648
0.32279
0.18203
0.27118
0.22426
0.33686
0.37440
0.32279
0.36032
0.36501
0.28056
0.28056
0.33217
0.24303
0.36501
0.23833
0.23364
0.37440
0.34624
0.36032
0.23833
0.24772
0.19142
0.22895
0.22426
0.21488
0.22895
0.25710
0.29933
0.29933
0.31340
0.31340
0.31340
0.31809
0.30871
0.29933
0.31809
0.24772
0.26179
0.23833
0.21018
0.35563
0.36501
0.32279
0.21488
0.21018
0.35563
0.34155
0.30871
0.21488
0.26648
0.32748
0.28525
0.21957
0.24303
0.38378
0.29933
0.23364
0.19142
0.33217
0.25241
0.21018
0.32279
0.18203
0.22895
0.40255
0.24772
0.25710
0.38378
0.28056
0.24303
0.32279
0.31809
0.24303
0.24303
0.38847
0.27118
0.23833
0.35094
0.41193
0.26179
0.19611
0.29933
0.23364
0.18203
0.30871
0.22895
0.37909
0.30402
0.25241
0.32279
0.22426
0.16796
0.35563
0.26179
0.35094
0.27118
0.20080
0.35563
0.29933
0.25241
0.37909
0.32748
0.26648
0.16796
0.33217
0.22895
0.26179
0.37909
0.33686
0.24772
0.20080
0.31809
0.30402
0.23833
0.21018
0.16796
0.31809
0.36970
0.25710
0.23833
0.23364
0.33217
0.31809
0.25710
0.19611
0.21957
0.22895
0.18203
0.36501
0.35563
0.32279
0.34624
0.26648
0.24303
0.24303
0.21957
0.20080
0.21488
0.22895
0.24772
0.19611
0.22895
0.24303
0.25241
0.35094
0.27587
0.36501
0.40255
0.24772
0.28525
0.25241
0.28994
0.36032
0.22895
0.22895
0.30402
0.22895
0.26179
0.33217
0.21488
0.33217
0.19142
0.33217
0.23833
0.31809
0.19142
0.36032
0.29464
0.19142
0.16796
0.31809
0.25710
0.20080
0.21018
0.15857
0.31340
0.35563
0.36032
0.36501
0.37440
0.20080
0.24303
0.16796
0.33686
0.37440
0.22895
0.22426
0.35563
0.22426
0.33217
0.22895
0.35094
0.22895
0.33686
0.24303
0.30402
0.27587
0.21018
0.23364
0.33686
0.34624
0.31809
0.27587
0.28056
0.27587
0.32279
0.27587
0.37440
0.19142
0.21957
0.33686
0.36501
0.25241
0.34624
0.17265
0.28525
0.15857
0.30871
0.20549
0.37440
0.24772
0.22895
0.14450
0.33686
0.33217
0.34624
0.33217
0.31340
0.29933
0.31340
0.39785
0.33686
0.24772
0.21957
0.32748
0.23364
0.21488
0.29933
0.26179
0.09289
0.30871
0.22895
0.31809
0.30402
0.27587
0.21957
0.24772
0.23833
0.17734
0.19611
0.24303
0.23833
0.25710
0.27118
0.37440
0.15388
0.25241
0.33686
0.23364
0.31340
0.20549
0.33686
0.19611
0.36032
0.26648
0.26648
0.21018
0.28525
0.31340
0.32279
0.31809
0.32279
0.34624
0.34624
0.33686
0.17265
0.17265
0.27118
0.32748
0.25241
0.31809
0.14450
0.25710
0.13981
0.28525
0.28056
0.36032
0.21488
0.24772
0.30871
0.33217
0.25241
0.22895
0.23833
0.23364
0.21957
0.23364
0.24772
0.25710
0.22895
0.21957
0.32279
0.33217
0.12573
0.24303
0.29933
0.31340
0.21957
0.35094
0.14450
0.28056
0.12104
0.28994
0.19142
0.28525
0.23364
0.09289
0.32748
0.25710
0.20549
0.16796
0.34155
0.31809
0.33217
0.29933
0.32748
0.31340
0.31809
0.29933
0.22895
0.21488
0.31809
0.29933
0.20549
0.30402
0.12104
0.21488
0.10227
0.27587
0.24303
0.32279
0.21018
0.22426
0.32279
0.31340
0.25241
0.21957
0.20549
0.22895
0.18672
0.18672
0.19611
0.19611
0.23364
0.19142
0.29464
0.29464
0.33217
0.19611
0.23364
0.34155
0.19611
0.23364
0.33686
0.22426
0.33686
0.21488
0.16796
0.35563
0.27118
0.09289
0.27587
0.25241
0.25241
0.23833
0.15857
0.20549
0.19142
0.21957
0.25710
0.26179
0.34155
0.20080
0.27587
0.35563
0.20549
0.34155
0.22426
0.30402
0.21488
0.27118
0.22895
0.32279
0.31340
0.21957
0.35094
0.24303
0.22426
0.24772
0.22895
0.18203
0.35094
0.36501
0.32748
0.34624
0.32748
0.21957
0.23364
0.22426
0.30871
0.28525
0.14450
0.22895
0.33686
0.11635
0.22895
0.29933
0.21957
0.30871
0.25241
0.30402
0.27118
0.24772
0.33217
0.29464
0.21957
0.20549
0.32748
0.29464
0.29464
0.22426
0.24303
0.20549
0.23833
0.24303
0.23364
0.23833
0.21018
0.25710
0.29464
0.33686
0.21488
0.23364
0.27118
0.12573
0.22426
0.35094
0.23833
0.30402
0.26648
0.27587
0.27587
0.25241
0.35563
0.28056
0.23833
0.17265
0.31340
0.28056
0.27118
0.21018
0.23364
0.12573
0.32748
0.31809
0.33686
0.30871
0.31809
0.19611
0.24772
0.22895
0.25710
0.32748
0.15388
0.21488
0.27118
0.33686
0.22895
0.28056
0.35563
0.22426
0.30871
0.25241
0.29933
0.25241
0.31340
0.24772
0.30871
0.22895
0.14919
0.26648
0.21488
0.21957
0.33686
0.28056
0.29464
0.26179
0.21488
0.25710
0.20549
0.25241
0.25710
0.24772
0.26179
0.32748
0.23364
0.24772
0.28994
0.10696
0.21957
0.28994
0.16796
0.23833
0.34624
0.20080
0.32279
0.28525
0.30871
0.22426
0.18672
0.28525
0.24772
0.17734
0.32279
0.23833
0.22426
0.20549
0.31340
0.30402
0.25241
0.25710
0.24772
0.22895
0.22426
0.22426
0.23833
0.23833
0.25710
0.19611
0.21018
0.21018
0.25710
0.28994
0.32279
0.22426
0.23833
0.29464
0.32279
0.18203
0.24303
0.30402
0.20080
0.29933
0.14919
0.23833
0.33686
0.25241
0.34624
0.19142
0.22895
0.28994
0.21957
0.28994
0.20080
0.23833
0.33686
0.22895
0.21488
0.09758
0.31340
0.26648
0.22426
0.20549
0.21957
0.22895
0.21018
0.23833
0.24303
0.19611
0.21957
0.22426
0.21018
0.30402
0.33217
0.12104
0.21488
0.22895
0.28056
0.35094
0.22426
0.27587
0.31340
0.23364
0.30871
0.26179
0.27587
0.19142
0.26648
0.21018
0.28525
0.21957
0.26648
0.24303
0.10227
0.29464
0.24772
0.18672
0.28994
0.23364
0.19142
0.20080
0.17265
0.32279
0.32279
0.34155
0.31809
0.29464
0.32748
0.32279
0.31809
0.19142
0.20549
0.23364
0.25710
0.31809
0.13042
0.26179
0.30402
0.34624
0.22895
0.27118
0.09289
0.17734
0.34155
0.26179
0.29464
0.21018
0.30871
0.21488
0.32748
0.25710
0.23833
0.31340
0.21018
0.21488
0.36501
0.28056
0.22895
0.20549
0.19142
0.13512
0.31809
0.26179
0.27587
0.27118
0.26648
0.26648
0.24303
0.26648
0.25710
0.27118
0.29464
0.34624
0.22426
0.19611
0.18672
0.28056
0.33217
0.25241
0.23364
0.15857
0.29933
0.21957
0.32279
0.25241
0.21957
0.31340
0.26179
0.21488
0.36970
0.28525
0.17734
0.21957
0.12573
0.34155
0.25241
0.22426
0.21488
0.22895
0.19142
0.36032
0.34155
0.33217
0.32748
0.32748
0.32748
0.31809
0.11635
0.20080
0.23364
0.19142
0.20549
0.25710
0.25241
0.09289
0.24772
0.20080
0.28525
0.30871
0.21018
0.23364
0.30871
0.20549
0.25241
0.33686
0.21488
0.26648
0.19611
0.32748
0.23364
0.29464
0.19142
0.31809
0.21018
0.18203
0.26179
0.20080
0.22426
0.33686
0.26648
0.19611
0.21488
0.33217
0.26648
0.26648
0.18203
0.24303
0.21957
0.20080
0.15857
0.08820
0.35094
0.33686
0.11166
0.15857
0.16796
0.21018
0.19611
0.16796
0.17734
0.26648
0.27587
0.31340
0.17265
0.22426
0.20549
0.28056
0.18203
0.19611
0.27587
0.15388
0.20549
0.31809
0.22895
0.27118
0.14919
0.21957
0.11635
0.25710
0.19142
0.31809
0.20080
0.30871
0.19611
0.21957
0.32279
0.23833
0.17265
0.15857
0.31809
0.28056
0.17265
0.23833
0.23364
0.34964
0.33686
0.30871
0.29464
0.28994
0.31340
0.25710
0.26648
0.32748
0.34155
0.34155
0.21018
0.15388
0.19611
0.30402
0.36970
0.19611
0.21488
0.26179
0.33217
0.21957
0.15857
0.32748
0.24303
0.22895
0.35563
0.19611
0.27587
0.21018
0.28056
0.24772
0.31809
0.28056
0.27118
0.17265
0.31809
0.20080
0.17734
0.33686
0.20080
0.10227
0.31809
0.20549
0.21957
0.35094
0.34155
0.18203
0.18672
0.22895
0.09758
0.34155
0.30871
0.28994
0.29933
0.23364
0.22895
0.23364
0.22426
0.21957
0.25241
0.27118
0.29933
0.32748
0.35094
0.14919
0.19611
0.22895
0.28525
0.33217
0.22426
0.21488
0.29464
0.19142
0.20080
0.32748
0.21957
0.23833
0.35094
0.20080
0.30871
0.20080
0.28994
0.22426
0.27587
0.25241
0.36501
0.23364
0.32279
0.19611
0.35094
0.24303
0.34155
0.28056
0.25241
0.30871
0.17265
0.34155
0.25710
0.20549
0.33686
0.21018
0.22895
0.40724
0.26648
0.20549
0.26179
0.35094
0.28994
0.27587
0.24303
0.27118
0.30402
0.28056
0.32748
0.34155
0.20080
0.28056
0.35563
0.21018
0.30871
0.17265
0.18203
0.37909
0.16796
0.34155
0.19611
0.33217
0.20080
0.18672
0.33217
0.16796
0.17734
0.30402
0.20549
0.18203
0.11635
0.36501
0.26648
0.20549
0.16327
0.18672
0.35563
0.34155
0.28056
0.29933
0.30402
0.28525
0.26648
0.29933
0.29933
0.31809
0.30871
0.35563
0.34155
0.19142
0.17734
0.20080
0.22426
0.27118
0.34624
0.19611
0.21488
0.33686
0.20080
0.21018
0.30402
0.22426
0.24303
0.34624
0.20080
0.35563
0.21018
0.33686
0.19142
0.35094
0.20549
0.33217
0.24772
0.21957
0.32279
0.18672
0.11635
0.31809
0.22895
0.20549
0.18203
0.37909
0.31809
0.25710
0.26179
0.21488
0.17265
0.22426
0.22895
0.28056
0.28056
0.30402
0.29933
0.35094
0.35563
0.16796
0.20549
0.21488
0.19611
0.33217
0.33217
0.19142
0.20549
0.23364
0.29464
0.34624
0.20549
0.24303
0.35563
0.21957
0.19611
0.32279
0.32748
0.21018
0.33217
0.18672
0.27118
0.34155
0.18203
0.35094
0.20080
0.35563
0.17734
0.36501
0.25241
0.19611
0.31809
0.18203
0.19611
0.36970
0.18203
0.20549
0.34155
0.34155
0.21957
0.17265
0.36032
0.14450
0.18672
0.21957
0.28525
0.32279
0.15388
0.16796
0.20080
0.31809
0.32279
0.17265
0.16796
0.29464
0.34155
0.15857
0.20549
0.30402
0.15388
0.17734
0.30402
0.17265
0.23364
0.32748
0.14919
0.33686
0.21488
0.31809
0.18672
0.33217
0.21488
0.28994
0.19611
0.32748
0.19142
0.30402
0.16796
0.33217
0.22895
0.18203
0.32748
0.20080
0.12573
0.31340
0.21957
0.14919
0.35563
0.22426
0.18203
0.33217
0.28056
0.16796
0.17734
0.30402
0.31340
0.18672
0.15857
0.11635
0.31809
0.33686
0.19611
0.20549
0.16796
0.31340
0.33686
0.30871
0.29933
0.18203
0.18203
0.23833
0.21957
0.18203
0.11166
0.34155
0.34624
0.30871
0.32748
0.35094
0.31809
0.32279
0.32748
0.36501
0.33217
0.13512
0.16796
0.17265
0.20549
0.35094
0.31809
0.16796
0.19611
0.29933
0.34624
0.13512
0.19611
0.27587
0.34624
0.16796
0.18672
0.31809
0.11166
0.23364
0.29933
0.14919
0.17734
0.34155
0.24772
0.30402
0.21488
0.28056
0.13981
0.19142
0.34624
0.20080
0.37909
0.21018
0.33686
0.21018
0.36501
0.28994
0.18672
0.33217
0.23833
0.32279
0.17265
0.17265
0.29933
0.21488
0.15857
0.36032
0.28525
0.14450
0.12104
0.31809
0.22895
0.18672
0.18672
0.34624
0.34155
0.20549
0.18203
0.21488
0.08820
0.35563
0.31340
0.30871
0.22426
0.20549
0.21488
0.20549
0.14919
0.32748
0.33217
0.30871
0.31340
0.34155
0.29464
0.28994
0.28525
0.30402
0.32279
0.30402
0.32279
0.32748
0.36970
0.32279
0.15388
0.19611
0.17734
0.20080
0.30871
0.35563
0.12104
0.17734
0.17734
0.29933
0.36032
0.20549
0.27118
0.37440
0.17265
0.26648
0.34624
0.19142
0.31340
0.34155
0.22426
0.33686
0.17265
0.32279
0.21018
0.28056
0.11166
0.25241
0.06474
0.23833
0.12104
0.26648
0.15388
0.32748
0.17734
0.34155
0.17734
0.24303
0.35094
0.20549
0.11166
0.30871
0.16327
0.07881
0.31340
0.16796
0.21018
0.33217
0.32748
0.18203
0.18672
0.30871
0.35094
0.28056
0.18203
0.18203
0.16796
0.35094
0.33217
0.33686
0.24303
0.16796
0.21018
0.23833
0.12104
0.33217
0.37909
0.34155
0.30402
0.32748
0.29933
0.30402
0.28994
0.29464
0.28994
0.36970
0.10227
0.23364
0.21488
0.18203
0.29464
0.26648
0.36032
0.13981
0.21488
0.22426
0.32279
0.37440
0.18672
0.20080
0.30402
0.36501
0.21957
0.26648
0.34155
0.17734
0.30402
0.31809
0.21018
0.32748
0.19611
0.28056
0.20549
0.29933
0.22895
0.35094
0.19142
0.29933
0.16327
0.35563
0.17734
0.26179
0.27587
0.22426
0.32748
0.18203
0.21018
0.38378
0.30871
0.23833
0.30402
0.31340
0.23364
0.19611
0.21018
0.28525
0.34624
0.34624
0.26179
0.21018
0.22895
0.21488
0.12573
0.10696
0.29933
0.35563
0.34624
0.38847
0.37909
0.36501
0.28056
0.13512
0.22426
0.21957
0.21957
0.19142
0.33217
0.33217
0.10696
0.20080
0.22895
0.32748
0.29933
0.22426
0.25241
0.34155
0.20549
0.21488
0.32279
0.22895
0.26179
0.37440
0.17734
0.32748
0.22426
0.28994
0.31809
0.18672
0.35094
0.20080
0.36970
0.21488
0.36032
0.23364
0.37440
0.20080
0.36032
0.21957
0.16327
0.33217
0.21957
0.13042
0.34624
0.19142
0.28994
0.30402
0.21957
0.28994
0.32279
0.19142
0.17265
0.35094
0.34155
0.19142
0.21957
0.14919
0.28056
0.31340
0.32748
0.18672
0.19142
0.21957
0.13042
0.32279
0.29933
0.36970
0.35563
0.31809
0.31340
0.13981
0.20080
0.20549
0.19142
0.21957
0.21488
0.31340
0.30402
0.33217
0.31340
0.14450
0.23833
0.20549
0.30871
0.31809
0.12104
0.21957
0.20549
0.32279
0.33217
0.21018
0.21488
0.33217
0.31809
0.21957
0.19611
0.33686
0.13042
0.24303
0.32748
0.15388
0.21957
0.30402
0.16796
0.20080
0.34155
0.19142
0.29464
0.11166
0.23364
0.33686
0.18672
0.33217
0.21018
0.32748
0.19142
0.31340
0.22426
0.29933
0.21018
0.30871
0.21018
0.30871
0.22426
0.18203
0.33686
0.18672
0.09758
0.30402
0.20549
0.34155
0.31809
0.19611
0.13042
0.33686
0.25241
0.19611
0.33217
0.29933
0.22895
0.21957
0.12104
0.31809
0.30402
0.19611
0.18672
0.12104
0.32748
0.30871
0.30402
0.32279
0.21018
0.21018
0.24303
0.29464
0.33217
0.29464
0.21488
0.20080
0.31809
0.33217
0.12573
0.16796
0.23833
0.21488
0.28994
0.12573
0.20080
0.15388
0.23833
0.33686
0.21018
0.29464
0.17265
0.28525
0.16796
0.32748
0.20080
0.31809
0.18203
0.31809
0.19611
0.09758
0.29933
0.19611
0.30402
0.18672
0.12573
0.33686
0.19142
0.29464
0.29464
0.17734
0.26179
0.32279
0.15857
0.13981
0.31340
0.25710
0.20549
0.28525
0.30402
0.19142
0.18672
0.18672
0.11166
0.19142
0.17265
0.18672
0.27118
0.26648
0.29464
0.27118
0.21018
0.17265
0.12573
0.33217
0.33217
0.23364
0.16327
0.20549
0.18203
0.12104
0.33686
0.36032
0.11166
0.18672
0.21957
0.23364
0.21488
0.27587
0.36501
0.31809
0.36032
0.33686
0.13981
0.17734
0.21488
0.19611
0.20549
0.18672
0.21018
0.19611
0.24772
0.23364
0.29464
0.38378
0.37440
0.32748
0.34155
0.22426
0.23833
0.19611
0.25710
0.36501
0.36970
0.32279
0.21957
0.19142
0.26179
0.35563
0.33217
0.14919
0.18203
0.27118
0.38378
0.32748
0.20080
0.20549
0.34624
0.33686
0.21018
0.21018
0.34155
0.30871
0.19611
0.19611
0.35094
0.12573
0.23364
0.32279
0.33217
0.20549
0.26648
0.27587
0.20549
0.24772
0.29933
0.15388
0.25710
0.29933
0.19611
0.32279
0.10227
0.22426
0.34155
0.21488
0.32748
0.11166
0.19142
0.30402
0.18672
0.32748
0.18672
0.33217
0.17734
0.30402
0.08820
0.26648
0.32748
0.20080
0.28056
0.21018
0.34624
0.20549
0.29933
0.19611
0.28056
0.20549
0.29464
0.22895
0.31340
0.25710
0.08351
0.32748
0.17734
0.34624
0.22426
0.32279
0.24772
0.16796
0.32279
0.21957
0.17265
0.26648
0.24772
0.19142
0.32279
0.36501
0.21488
0.19611
0.09758
0.30871
0.63279
0.28994
0.21018
0.16327
0.21488
0.08820
0.31340
0.29933
0.35094
0.36032
0.34155
0.31340
0.33686
0.28056
0.25241
0.28525
0.34624
0.36970
0.30402
0.35563
0.33686
0.33217
0.33686
0.13512
0.18672
0.20080
0.21957
0.27118
0.31809
0.28994
0.08351
0.18672
0.22426
0.29933
0.31809
0.12104
0.19611
0.21018
0.31809
0.30402
0.16327
0.19611
0.34155
0.31809
0.21488
0.27118
0.28056
0.17265
0.20549
0.31809
0.11635
0.19611
0.32748
0.12104
0.20549
0.28994
0.20080
0.31340
0.20549
0.32748
0.21488
0.31809
0.23364
0.34155
0.28056
0.31809
0.29464
0.29933
0.28994
0.33217
0.34624
0.36032
0.11635
0.13981
0.18672
0.20080
0.19611
0.22895
0.33217
0.27587
0.07881
0.17734
0.20080
0.30871
0.30402
0.17734
0.24303
0.28056
0.14450
0.24303
0.31340
0.16796
0.30402
0.15388
0.25710
0.30871
0.17734
0.30871
0.20080
0.31809
0.23364
0.30871
0.24303
0.10696
0.31340
0.20549
0.28994
0.22426
0.13042
0.34624
0.21018
0.32748
0.32748
0.20549
0.06943
0.33217
0.20549
0.17734
0.34155
0.34155
0.24303
0.16796
0.33217
0.34155
0.20080
0.22426
0.10227
0.30402
0.30871
0.23364
0.19142
0.16796
0.34155
0.26648
0.31809
0.19142
0.20549
0.17734
0.29464
0.25710
0.30871
0.24772
0.22895
0.18672
0.14450
0.30871
0.34155
0.31809
0.33686
0.22895
0.23833
0.19611
0.19611
0.12104
0.34624
0.33217
0.26648
0.31809
0.34624
0.24772
0.22426
0.17734
0.22426
0.17734
0.20549
0.15857
0.18672
0.15388
0.15857
0.10227
0.09758
0.09289
0.07412
0.08351
0.08820
0.12573
0.16796
0.15857
0.18672
0.14919
0.20080
0.20080
0.22426
0.30402
0.32279
0.28056
0.29464
0.12573
0.18203
0.21018
0.23364
0.28525
0.30871
0.31809
0.32279
0.16327
0.18672
0.17734
0.25241
0.28994
0.32748
0.12104
0.20080
0.21488
0.22895
0.28525
0.31809
0.16327
0.21957
0.26648
0.28525
0.11166
0.19142
0.27587
0.33686
0.17734
0.21488
0.25241
0.18203
0.19611
0.27587
0.18203
0.22426
0.32748
0.18672
0.30402
0.09289
0.20080
0.31809
0.19611
0.31340
0.20080
0.31809
0.08820
0.21957
0.31809
0.20549
0.34155
0.21957
0.25241
0.21488
0.29933
0.17734
0.32748
0.14919
0.27587
0.15388
0.31809
0.19142
0.31340
0.19142
0.27118
0.18672
0.32748
0.25241
0.18203
0.34155
0.21957
0.32748
0.28056
0.18672
0.31809
0.24303
0.19142
0.30402
0.23833
0.18203
0.28994
0.22895
0.19611
0.35094
0.31809
0.23833
0.20080
0.19142
0.31340
0.28056
0.31340
0.23364
0.23833
0.21957
0.18203
0.11635
0.31809
0.33217
0.25710
0.33217
0.29464
0.25241
0.23364
0.20549
0.23833
0.20549
0.20549
0.21488
0.14450
0.09758
0.31809
0.34624
0.30402
0.28525
0.33686
0.32748
0.34155
0.32748
0.29933
0.27118
0.25241
0.21957
0.25710
0.22426
0.22895
0.21957
0.23364
0.23833
0.22426
0.25241
0.25710
0.29933
0.30871
0.34155
0.31340
0.28056
0.31809
0.32748
0.31809
0.14919
0.20549
0.21018
0.21957
0.21957
0.28994
0.32279
0.28994
0.32748
0.32279
0.17734
0.20080
0.21018
0.24772
0.30871
0.31809
0.32748
0.17734
0.20549
0.24772
0.31340
0.35094
0.10227
0.21018
0.22426
0.32748
0.32748
0.17265
0.21957
0.31809
0.31340
0.19142
0.29933
0.35094
0.20549
0.33686
0.31809
0.20549
0.35094
0.19142
0.22426
0.33686
0.21957
0.25241
0.19142
0.29933
0.31340
0.21957
0.29933
0.21018
0.33217
0.12573
0.23364
0.31809
0.19142
0.26648
0.21488
0.33217
0.17734
0.28056
0.19142
0.33217
0.06005
0.13981
-0.00095
0.19611
0.08351
0.36032
0.33217
0.33217
0.49169
0.47292
0.35094
0.43070
