0.46354
0.34624
0.37909
0.20549
0.27118
0.36501
0.39316
0.34155
0.18203
0.19142
0.18203
0.21488
0.18672
0.36970
0.35094
0.25710
0.20549
0.38378
0.34155
0.31340
0.21018
0.23364
0.20549
0.31340
0.25710
0.28056
0.29464
0.37909
0.18203
0.22895
0.21957
0.35563
0.25710
0.24772
0.36501
0.37440
0.26648
0.22426
0.27587
0.36970
0.34155
0.36032
0.37440
0.16796
0.28994
0.21488
0.31809
0.18203
0.38847
0.37909
0.37440
0.34155
0.33217
0.21018
0.21957
0.26648
0.37909
0.34624
0.26179
0.22426
0.16327
0.32748
0.23833
0.25710
0.32748
0.21957
0.22426
0.35094
0.22426
0.37440
0.24772
0.33686
0.36032
0.24303
0.35563
0.21488
0.35563
0.22895
0.37909
0.20549
0.37909
0.22426
0.32748
0.24772
0.36501
0.21957
0.35563
0.17734
0.23833
0.39785
0.26179
0.35563
0.41193
0.25710
0.35094
0.40255
0.23833
0.36501
0.36970
0.23833
0.35563
0.36501
0.23364
0.25241
0.33686
0.35094
0.24772
0.25710
0.33217
0.35563
0.36501
0.23833
0.25710
0.26648
0.26179
0.28994
0.34624
0.33686
0.37909
0.38378
0.40724
0.38847
0.39316
0.40255
0.39785
0.40255
0.39316
0.39316
0.38847
0.39785
0.36970
0.36032
0.36970
0.35094
0.27118
0.22895
0.24772
0.24772
0.26648
0.24772
0.41193
0.39785
0.35094
0.34624
0.35563
0.37440
0.22426
0.34624
0.32748
0.25710
0.25241
0.37440
0.22426
0.36501
0.37909
0.39316
0.18672
0.24303
0.20080
0.35094
0.17265
0.23364
0.34155
0.22426
0.32279
0.24326
0.36032
0.28056
0.23364
0.36032
0.22426
0.38847
0.23364
0.37440
0.33217
0.34624
0.23364
0.38847
0.22895
0.39316
0.22895
0.37440
0.24303
0.37440
0.21957
0.36032
0.24303
0.39785
0.24303
0.23833
0.22895
0.36032
0.23833
0.36501
0.35094
0.22426
0.24303
0.38847
0.19611
0.38378
0.37440
0.33686
0.23364
0.24303
0.36032
0.21488
0.34624
0.19142
0.38378
0.40255
0.37440
0.39785
0.36032
0.26179
0.24772
0.36501
0.25710
0.34624
0.18672
0.36970
0.35563
0.34155
0.37909
0.34155
0.25710
0.21018
0.26648
0.30871
0.23364
0.36970
0.36032
0.21488
0.24772
0.35094
0.40255
0.40255
0.34624
0.24303
0.36032
0.36970
0.37440
0.19142
0.36501
0.23833
0.19142
0.21957
0.32748
0.34155
0.33217
0.30148
0.34624
0.40255
0.37440
0.41662
0.20080
0.36501
0.31340
0.24772
0.26648
0.39316
0.26179
0.36032
0.23833
0.34624
0.24303
0.23364
0.22895
0.39316
0.37909
0.23364
0.36032
0.24772
0.36970
0.37440
0.20549
0.36970
0.41662
0.24303
0.22426
0.38847
0.36970
0.35563
0.36501
0.38847
0.39785
0.40724
0.21957
0.37909
0.22426
0.30402
0.37909
0.22426
0.24303
0.30402
0.39316
0.34624
0.22426
0.35094
0.38378
0.19611
0.35094
0.19142
0.22895
0.38378
0.24772
0.32748
0.37909
0.37909
0.38378
0.37440
0.36032
0.24772
0.39785
0.36501
0.37440
0.23364
0.20549
0.22895
0.34624
0.22895
0.32748
0.37909
0.36032
0.33686
0.31809
0.35094
0.24772
0.38378
0.41193
0.44008
0.40255
0.36970
0.23833
0.23364
0.21488
0.39316
0.38378
0.38847
0.28994
0.22895
0.22426
0.22895
0.25241
0.24303
0.27118
0.38847
0.39785
0.38378
0.37909
0.42600
0.38378
0.36970
0.34624
0.28994
0.27118
0.26648
0.28994
0.39316
0.36032
0.37909
0.22426
0.20549
0.40255
0.36970
0.22895
0.28994
0.24303
0.22426
0.21018
0.22426
0.27118
0.23364
0.23833
0.23364
0.22895
0.25241
0.23833
0.24303
0.23364
0.32279
0.39785
0.40255
0.40255
0.38847
0.40724
0.38378
0.33686
0.37909
0.34624
0.27587
0.20549
0.21957
0.41193
0.38378
0.25241
0.41193
0.35094
0.21957
0.36501
0.25710
0.24303
0.36032
0.26179
0.23364
0.37909
0.26648
0.28056
0.38847
0.27587
0.23995
0.38847
0.25710
0.24303
0.37440
0.27118
0.22426
0.38847
0.38378
0.26179
0.22895
0.39316
0.26648
0.32279
0.37909
0.23833
0.39316
0.24303
0.36970
0.21957
0.34624
0.24772
0.25710
0.36970
0.23364
0.32748
0.33217
0.23364
0.39316
0.26179
0.26179
0.38847
0.23833
0.27587
0.40255
0.37909
0.21018
0.22895
0.27118
0.35563
0.22895
0.23833
0.35563
0.39785
0.19611
0.37440
0.25710
0.36501
0.34624
0.21488
0.34155
0.20549
0.38847
0.20080
0.39316
0.18672
0.39316
0.27118
0.24772
0.34155
0.23833
0.34155
0.21018
0.21018
0.38378
0.36501
0.24772
0.36970
0.19611
0.36970
0.22895
0.36970
0.21018
0.35563
0.23833
0.41193
0.25241
0.35094
0.29464
0.25241
0.39316
0.21957
0.38378
0.22895
0.37440
0.25241
0.38847
0.26179
0.34624
0.27118
0.21957
0.38847
0.39316
0.24303
0.25241
0.38378
0.22426
0.33217
0.21018
0.39785
0.23833
0.39316
0.28056
0.22895
0.36501
0.22426
0.36501
0.21488
0.39340
0.21018
0.40724
0.23833
0.37909
0.19142
0.38378
0.21018
0.37909
0.24772
0.25710
0.40724
0.23833
0.19611
0.39316
0.23364
0.36970
0.22895
0.36970
0.22895
0.36032
0.21488
0.37909
0.22426
0.36970
0.23364
0.30402
0.39316
0.20549
0.36501
0.21488
0.36032
0.37909
0.23833
0.36501
0.24772
0.33217
0.41193
0.23364
0.28525
0.19142
0.27118
0.37909
0.22895
0.40724
0.23364
0.41193
0.26648
0.37909
0.26179
0.38378
0.21957
0.41662
0.26179
0.22426
0.37440
0.21018
0.22895
0.37440
0.37909
0.22426
0.38378
0.36501
0.24772
0.38378
0.24772
0.40255
0.25710
0.37440
0.36501
0.24772
0.37440
0.36970
0.21957
0.36501
0.23364
0.39316
0.20549
0.21957
0.36501
0.21957
0.37909
0.20080
0.25241
0.35094
0.23364
0.25710
0.39785
0.20549
0.23364
0.37909
0.20080
0.23364
0.33217
0.20080
0.26648
0.37440
0.21018
0.36970
0.22895
0.36032
0.40255
0.20549
0.36032
0.22895
0.34155
0.16327
0.27118
0.38378
0.23833
0.24772
0.38378
0.21018
0.35563
0.36032
0.21488
0.36501
0.25241
0.19611
0.29464
0.25241
0.36501
0.19611
0.28525
0.42347
0.23833
0.25710
0.37440
0.21957
0.20080
0.36032
0.37440
0.22426
0.21488
0.23364
0.22895
0.24303
0.28525
0.34155
0.36970
0.36032
0.35094
0.37440
0.38847
0.39785
0.36501
0.37440
0.38847
0.38847
0.36032
0.36032
0.35094
0.38847
0.37440
0.35094
0.32279
0.25710
0.21018
0.22895
0.22895
0.23833
0.35094
0.35563
0.37440
0.33686
0.35563
0.27118
0.23833
0.23833
0.25710
0.38847
0.40724
0.25710
0.26648
0.24303
0.36032
0.35094
0.24772
0.23833
0.39785
0.39785
0.26179
0.21957
0.37909
0.32748
0.21488
0.38847
0.27587
0.24772
0.36501
0.24303
0.37909
0.24303
0.36970
0.22426
0.37909
0.21957
0.36501
0.22895
0.39316
0.22895
0.36970
0.25241
0.26648
0.38847
0.22426
0.39316
0.25241
0.34155
0.26179
0.25710
0.40724
0.22426
0.38847
0.22895
0.37440
0.26179
0.27587
0.38378
0.22895
0.37440
0.19611
0.32748
0.29933
0.26179
0.36970
0.24303
0.39785
0.23833
0.35563
0.28056
0.24303
0.39316
0.22895
0.38847
0.24303
0.39785
0.20080
0.34155
0.31340
0.24303
0.40255
0.23364
0.37909
0.25241
0.41662
0.23364
0.37440
0.20549
0.35563
0.21018
0.39316
0.26648
0.20080
0.36970
0.20549
0.37909
0.26648
0.24772
0.36970
0.24303
0.37440
0.21018
0.38847
0.26648
0.21957
0.34155
0.23833
0.34155
0.22426
0.27118
0.36970
0.24772
0.39785
0.26179
0.40255
0.21018
0.41193
0.21488
0.38378
0.25241
0.35563
0.22426
0.26179
0.38847
0.22895
0.38847
0.21488
0.40255
0.25241
0.33686
0.39785
0.21957
0.41662
0.22895
0.36501
0.25710
0.26648
0.37909
0.25710
0.36970
0.21488
0.21018
0.41662
0.24772
0.34155
0.37440
0.25241
0.37909
0.24772
0.34624
0.25710
0.33686
0.23364
0.38847
0.24303
0.22895
0.36501
0.24303
0.37440
0.23364
0.39316
0.37440
0.21018
0.26648
0.36970
0.23364
0.16796
0.35094
0.24303
0.38378
0.20549
0.21018
0.24303
0.23833
0.24772
0.38378
0.34624
0.22895
0.41662
0.30871
0.24303
0.40255
0.21957
0.24303
0.38378
0.23833
0.19142
0.35563
0.23364
0.22426
0.36501
0.22895
0.38847
0.33686
0.21018
0.39316
0.35094
0.21957
0.36970
0.34155
0.22895
0.39316
0.35563
0.21957
0.39785
0.37909
0.24772
0.21488
0.38378
0.25710
0.25710
0.36970
0.30402
0.23833
0.36970
0.26179
0.23833
0.39316
0.23833
0.25241
0.36970
0.25710
0.23833
0.40255
0.33686
0.24772
0.39785
0.38378
0.23364
0.22426
0.40724
0.22895
0.36970
0.36501
0.23833
0.37909
0.29933
0.22895
0.37440
0.27118
0.26179
0.41662
0.24772
0.25710
0.37909
0.23364
0.41193
0.32748
0.23364
0.35094
0.27118
0.39785
0.27118
0.25710
0.36032
0.22426
0.38847
0.22895
0.38847
0.23833
0.38847
0.25241
0.25241
0.37440
0.19142
0.37440
0.19611
0.39316
0.32748
0.23364
0.37440
0.19142
0.36032
0.28525
0.23364
0.37440
0.37909
0.21488
0.23364
0.36501
0.35563
0.23364
0.28525
0.41662
0.36970
0.23364
0.25710
0.38847
0.29933
0.24772
0.40255
0.36970
0.22895
0.25241
0.36032
0.23364
0.25241
0.38847
0.23833
0.25710
0.38378
0.22895
0.39316
0.32279
0.18672
0.37440
0.23364
0.38847
0.21488
0.41193
0.24303
0.18203
0.28525
0.36501
0.25241
0.39785
0.24303
0.38847
0.21488
0.37909
0.22895
0.22426
0.33217
0.25710
0.23364
0.36032
0.19142
0.22895
0.33217
0.36501
0.24772
0.40255
0.21957
0.29933
0.39316
0.21018
0.32748
0.37909
0.21957
0.36501
0.23364
0.25241
0.40255
0.24303
0.29464
0.39316
0.23833
0.32279
0.35094
0.26179
0.28525
0.39785
0.23364
0.22895
0.37440
0.38378
0.30933
0.28056
0.37909
0.40724
0.22895
0.22426
0.35094
0.39785
0.34155
0.24772
0.20080
0.26179
0.36970
0.37909
0.39785
0.39316
0.40255
0.23364
0.21957
0.21957
0.23364
0.20080
0.23833
0.24303
0.34155
0.34155
0.36501
0.37440
0.36970
0.39316
0.21018
0.20549
0.23364
0.21018
0.21488
0.25241
0.27118
0.32748
0.36032
0.36032
0.38847
0.16796
0.24303
0.21488
0.21980
0.22895
0.31340
0.35563
0.36032
0.36501
0.18203
0.24772
0.23364
0.21488
0.25241
0.34155
0.33686
0.34624
0.36501
0.37909
0.21488
0.30871
0.36501
0.23833
0.20080
0.39785
0.23833
0.25241
0.38378
0.30402
0.20549
0.32748
0.37440
0.22426
0.34624
0.23833
0.20080
0.26179
0.36970
0.18203
0.22895
0.25241
0.36032
0.37909
0.26179
0.34155
0.28994
0.29464
0.29464
0.37440
0.24303
0.36032
0.37909
0.26179
0.24303
0.29933
0.35094
0.40724
0.37440
0.38378
0.37909
0.36032
0.28056
0.23364
0.32748
0.36970
0.27587
0.22895
0.38847
0.28994
0.34155
0.35563
0.26179
0.38378
0.22895
0.36970
0.23364
0.39316
0.24303
0.34624
0.36970
0.22895
0.39316
0.36501
0.23833
0.40724
0.32279
0.25710
0.35563
0.37909
0.23364
0.26179
0.37909
0.38378
0.22426
0.24303
0.30402
0.43070
0.38847
0.20549
0.24772
0.25241
0.27587
0.29933
0.34155
0.40255
0.39316
0.42131
0.39785
0.37909
0.39316
0.39785
0.41193
0.37440
0.41662
0.35255
0.28056
0.25710
0.21018
0.36501
0.41193
0.28056
0.27118
0.39316
0.40255
0.24772
0.37909
0.39478
0.27118
0.20549
0.39785
0.26179
0.38378
0.26179
0.42131
0.35563
0.22426
0.27587
0.36501
0.36501
0.22895
0.27118
0.38378
0.37909
0.21488
0.18203
0.31809
0.36501
0.31340
0.20549
0.20549
0.20549
0.26179
0.32748
0.35563
0.37601
0.35563
0.18672
0.26179
0.20080
0.17734
0.22426
0.32279
0.36032
0.37909
0.40255
0.18672
0.23364
0.24772
0.38378
0.32748
0.23364
0.35094
0.36501
0.21018
0.24772
0.39785
0.37909
0.22426
0.21488
0.35563
0.36032
0.35094
0.22426
0.38378
0.22895
0.37440
0.21488
0.40255
0.22426
0.37440
0.22895
0.36501
0.20549
0.28525
0.36501
0.24303
0.39785
0.27118
0.23364
0.36970
0.22426
0.24772
0.39785
0.20080
0.20080
0.38378
0.35094
0.21488
0.26648
0.35094
0.27587
0.25710
0.32748
0.36970
0.21018
0.19611
0.35094
0.36970
0.21018
0.19611
0.35563
0.37440
0.21957
0.21018
0.35563
0.36970
0.22426
0.20549
0.35094
0.39316
0.32279
0.19611
0.26179
0.36970
0.36501
0.21957
0.22918
0.27118
0.36970
0.36970
0.32748
0.23833
0.21957
0.25710
0.38378
0.38378
0.33217
0.20080
0.21018
0.22895
0.25710
0.35094
0.36970
0.39316
0.38378
0.29933
0.20549
0.23364
0.22426
0.19611
0.26648
0.35094
0.35094
0.37440
0.34624
0.20549
0.21488
0.21018
0.20080
0.23364
0.24772
0.23833
0.22895
0.22426
0.21957
0.24303
0.25710
0.28525
0.36032
0.35563
0.36970
0.38378
0.35094
0.35563
0.27118
0.21957
0.23364
0.24772
0.20549
0.24303
0.35094
0.36032
0.34155
0.40724
0.36501
0.39316
0.29464
0.21018
0.21957
0.22895
0.21018
0.23833
0.22426
0.25710
0.24772
0.27587
0.25241
0.25241
0.26179
0.21957
0.22895
0.21488
0.24303
0.21488
0.34155
0.37909
0.37440
0.35563
0.38378
0.36501
0.37440
0.35563
0.38847
0.39785
0.41662
0.37440
0.35094
0.36970
0.40255
0.34155
0.33686
0.29464
0.26179
0.22895
0.22895
0.20080
0.25710
0.22895
0.22426
0.32748
0.40255
0.36032
0.34624
0.38378
0.34155
0.27587
0.24772
0.22895
0.22426
0.33217
0.38378
0.39316
0.30871
0.22426
0.24303
0.24303
0.37909
0.39316
0.29933
0.24303
0.23364
0.37440
0.35094
0.31340
0.23833
0.23364
0.35094
0.35563
0.29464
0.22426
0.33686
0.35094
0.25710
0.25710
0.37909
0.33686
0.22426
0.35563
0.38847
0.21957
0.21488
0.40885
0.24772
0.20549
0.39316
0.28056
0.24303
0.38378
0.27118
0.24303
0.39316
0.26179
0.22426
0.38847
0.25241
0.38847
0.38378
0.24303
0.42131
0.27118
0.20549
0.36501
0.21488
0.31340
0.39785
0.24303
0.40255
0.37440
0.23833
0.36501
0.36970
0.27118
0.27118
0.36970
0.32279
0.21957
0.27118
0.34624
0.33686
0.23364
0.21488
0.30871
0.35563
0.36032
0.26179
0.22895
0.21018
0.32748
0.36501
0.36501
0.30871
0.25241
0.24303
0.25241
0.32279
0.40255
0.40255
0.36970
0.22895
0.24303
0.20549
0.22895
0.28994
0.34624
0.35094
0.38847
0.34155
0.23364
0.22895
0.24772
0.21957
0.21488
0.26648
0.28525
0.36032
0.21957
0.35563
0.37440
0.21957
0.23364
0.27748
0.38378
0.38378
0.31340
0.24303
0.23364
0.26648
0.34624
0.39316
0.37440
0.36032
0.32748
0.22426
0.22895
0.23364
0.21488
0.24772
0.20080
0.21488
0.23833
0.26648
0.25241
0.27118
0.31340
0.36501
0.35094
0.34624
0.40724
0.36970
0.35094
0.37440
0.38847
0.37909
0.34155
0.36501
0.36032
0.35563
0.34624
0.36970
0.38847
0.37440
0.36501
0.34155
0.32279
0.35563
0.28056
0.24772
0.21488
0.26179
0.33217
0.34624
0.30402
0.18672
0.33686
0.37909
0.23833
0.21957
0.38378
0.25710
0.24772
0.38378
0.25241
0.24772
0.38378
0.25241
0.26179
0.38378
0.24303
0.24303
0.39785
0.25241
0.21957
0.41193
0.25710
0.19142
0.40255
0.25710
0.22426
0.38378
0.23833
0.19142
0.39785
0.22895
0.22426
0.41193
0.26179
0.21488
0.36970
0.37440
0.22426
0.21488
0.36970
0.38540
0.22426
0.22895
0.38847
0.35094
0.23364
0.23364
0.36501
0.36501
0.22895
0.22426
0.38847
0.36970
0.20549
0.21488
0.38847
0.35094
0.24303
0.31340
0.37909
0.19611
0.24303
0.38378
0.22426
0.23833
0.36501
0.20080
0.31340
0.38847
0.21018
0.32748
0.36032
0.22895
0.38847
0.27118
0.21488
0.37440
0.22895
0.36501
0.22426
0.36970
0.28994
0.21018
0.35094
0.23833
0.37440
0.20549
0.42131
0.21018
0.39316
0.25241
0.27587
0.34624
0.21488
0.36970
0.21018
0.40724
0.22426
0.36970
0.25241
0.26179
0.35094
0.22426
0.37909
0.23833
0.34155
0.21957
0.41193
0.21018
0.40255
0.25710
0.20549
0.36970
0.21957
0.19142
0.35563
0.36032
0.20080
0.21957
0.37440
0.38378
0.22895
0.21957
0.29933
0.38847
0.37440
0.22895
0.20549
0.20080
0.39785
0.36501
0.36032
0.23833
0.20080
0.22426
0.38847
0.35094
0.36032
0.26179
0.18203
0.20549
0.40255
0.36970
0.35094
0.24772
0.20080
0.21018
0.41193
0.35563
0.31809
0.26179
0.24303
0.23833
0.33217
0.41662
0.35563
0.26648
0.21488
0.21957
0.38847
0.37909
0.29933
0.21957
0.26179
0.31340
0.40255
0.35094
0.25710
0.22426
0.22895
0.40255
0.35563
0.29464
0.23833
0.28056
0.37440
0.27587
0.20549
0.31809
0.35563
0.25241
0.24303
0.34155
0.35563
0.21957
0.20549
0.37440
0.31340
0.21018
0.33686
0.37440
0.22426
0.23057
0.35563
0.34155
0.21488
0.32279
0.37909
0.23833
0.21957
0.36032
0.34155
0.22895
0.34155
0.38378
0.22426
0.21488
0.34624
0.21018
0.22426
0.36970
0.21488
0.23364
0.38378
0.25710
0.24303
0.38378
0.29933
0.22426
0.39785
0.33217
0.23364
0.31340
0.37909
0.22426
0.19611
0.38378
0.26179
0.24772
0.36032
0.35563
0.22426
0.31809
0.39316
0.20080
0.23364
0.38378
0.23833
0.20549
0.39316
0.26648
0.21488
0.37440
0.30402
0.23364
0.38847
0.35563
0.21018
0.32279
0.39316
0.21018
0.20549
0.38378
0.28525
0.22895
0.38378
0.36970
0.21957
0.21018
0.38378
0.36970
0.21018
0.19611
0.38378
0.27587
0.21957
0.37440
0.36501
0.21957
0.21957
0.36970
0.33686
0.23833
0.19611
0.37440
0.36501
0.22426
0.18672
0.39785
0.35563
0.21957
0.20549
0.37440
0.36032
0.22426
0.22895
0.36970
0.37909
0.26179
0.21957
0.31340
0.40724
0.34624
0.22426
0.24772
0.35563
0.35563
0.33686
0.21018
0.22426
0.26648
0.36501
0.38847
0.27587
0.22426
0.22895
0.29933
0.36970
0.37909
0.27587
0.23364
0.26395
0.28525
0.35094
0.36970
0.35094
0.20549
0.21957
0.21488
0.37440
0.35563
0.34155
0.22895
0.21488
0.31809
0.38378
0.35563
0.25241
0.21488
0.20080
0.36032
0.37440
0.32748
0.21957
0.26179
0.31809
0.38378
0.43539
0.40724
0.40724
0.38847
0.40724
0.39316
0.36970
0.37440
0.35094
0.32279
0.34155
