0.39316
0.49169
0.53392
0.42600
0.46823
0.51046
0.37440
0.48231
0.30871
0.54799
0.42600
0.34155
0.51046
0.52453
0.53392
0.45885
0.52453
0.33217
0.42131
0.50107
0.55737
0.42600
0.50107
0.44946
0.51515
0.49638
0.40255
0.36032
0.52453
0.48700
0.49169
0.44946
0.43539
0.43070
0.43539
0.46354
0.48700
0.51046
0.52453
0.43070
0.45885
0.51046
0.49169
0.42131
0.44477
0.52453
0.44477
0.49169
0.39316
0.51984
0.31340
0.43539
0.49638
0.42600
0.52453
0.48700
0.35563
0.49638
0.41193
0.52453
0.42131
0.36970
0.51984
0.43539
0.34155
0.56676
0.43539
0.43070
0.53392
0.44008
0.43070
0.33686
0.50576
0.48700
0.42600
0.36970
0.49638
0.49169
0.42131
0.39316
0.50107
0.47292
0.46354
0.37909
0.40255
0.29933
0.48231
0.49169
0.47761
0.41662
0.40255
0.38378
0.33217
0.50107
0.51046
0.49169
0.51046
0.45885
0.47292
0.39785
0.42131
0.43539
0.44477
0.41662
0.41193
0.42131
0.37909
0.36970
0.32748
0.31340
0.32279
0.32748
0.34155
0.35563
0.35094
0.38847
0.40255
0.40255
0.39785
0.38378
0.45416
0.41662
0.39785
0.41662
0.42131
0.47292
0.53861
0.55268
0.55268
0.33686
0.42131
0.42131
0.43539
0.44946
0.48700
0.51046
0.31809
0.42131
0.43070
0.40255
0.45885
0.47292
0.51984
0.32279
0.40255
0.37909
0.44946
0.49169
0.49638
0.28056
0.40724
0.38847
0.41193
0.51515
0.49169
0.29933
0.41193
0.40724
0.44008
0.50107
0.26179
0.39785
0.40255
0.47761
0.51046
0.38378
0.38378
0.46823
0.49169
0.26179
0.37909
0.39785
0.50107
0.51515
0.41662
0.42600
0.47292
0.51515
0.38847
0.43539
0.50107
0.50576
0.39316
0.37909
0.47292
0.50576
0.39785
0.43539
0.51515
0.40724
0.44946
0.51046
0.41662
0.42131
0.51515
0.40724
0.46354
0.50107
0.41193
0.52922
0.25241
0.42131
0.51515
0.32279
0.40724
0.49169
0.38847
0.46354
0.46823
0.37440
0.49638
0.36970
0.40255
0.50576
0.39785
0.45416
0.49169
0.38378
0.49169
0.34624
0.40255
0.48700
0.40255
0.44946
0.49638
0.42131
0.48231
0.33686
0.39785
0.51515
0.40724
0.49638
0.32279
0.44008
0.52453
0.42131
0.50576
0.36032
0.44008
0.50576
0.41193
0.51515
0.37440
0.44477
0.52453
0.41662
0.50107
0.37440
0.42131
0.51046
0.40724
0.47292
0.53392
0.41193
0.48700
0.37440
0.40724
0.47761
0.40255
0.44008
0.51984
0.42600
0.49638
0.39316
0.42600
0.47761
0.38378
0.49638
0.36032
0.49169
0.32748
0.44946
0.51046
0.41193
0.47761
0.43070
0.51515
0.37440
0.40255
0.30871
0.42131
0.51984
0.40724
0.50576
0.39785
0.50576
0.40724
0.22426
0.41662
0.51046
0.39316
0.50576
0.39316
0.48700
0.38378
0.49638
0.42600
0.53392
0.41193
0.52922
0.41193
0.52453
0.42131
0.51515
0.42600
0.51984
0.40255
0.50576
0.40724
0.49638
0.42600
0.50107
0.44008
0.54799
0.42131
0.49638
0.40724
0.49638
0.40724
0.51515
0.38847
0.46354
0.33217
0.44946
0.33686
0.44008
0.26648
0.38378
0.48700
0.42131
0.53861
0.41193
0.49638
0.40255
0.51515
0.40255
0.50107
0.37440
0.51515
0.39316
0.49169
0.40255
0.49169
0.39316
0.49638
0.42131
0.51515
0.39316
0.50576
0.41662
0.52453
0.44008
0.53861
0.43070
0.53392
0.43539
0.53392
0.40255
0.51515
0.40724
0.50576
0.41193
0.50107
0.42131
0.52922
0.45416
0.33686
0.45416
0.39316
0.51515
0.39785
0.51515
0.37909
0.50576
0.40724
0.29933
0.44946
0.40724
0.48231
0.40255
0.51515
0.41662
0.38378
0.50107
0.39785
0.51046
0.42600
0.43070
0.49169
0.41662
0.49638
0.42131
0.38378
0.52453
0.40255
0.50576
0.42600
0.38378
0.48231
0.41662
0.24303
0.46823
0.39785
0.49169
0.42131
0.30871
0.45885
0.41193
0.51046
0.43070
0.27118
0.45416
0.41193
0.48700
0.38378
0.31809
0.51046
0.42131
0.51515
0.40724
0.35563
0.49169
0.39785
0.50107
0.46354
0.39316
0.50576
0.40724
0.33217
0.50107
0.40724
0.51984
0.41193
0.38847
0.49169
0.40724
0.51515
0.43070
0.37440
0.46354
0.37909
0.25241
0.45885
0.38378
0.49169
0.38378
0.36032
0.46823
0.44477
0.37440
0.47761
0.41193
0.36501
0.51046
0.38378
0.36501
0.49638
0.38847
0.36970
0.48231
0.39316
0.36032
0.47292
0.39785
0.37440
0.47292
0.40724
0.37440
0.48700
0.46823
0.36032
0.33686
0.46823
0.41193
0.38378
0.51046
0.49638
0.38847
0.36970
0.48231
0.44946
0.37909
0.28056
0.48700
0.40255
0.37440
0.33217
0.48700
0.45416
0.42600
0.40255
0.52453
0.48231
0.41662
0.41193
0.33217
0.48231
0.44946
0.39316
0.38378
0.50576
0.44946
0.37909
0.38847
0.26179
0.50107
0.72193
0.39785
0.36501
0.50107
0.48231
0.39785
0.40255
0.27118
0.48700
0.45416
0.39785
0.38847
0.45885
0.45416
0.42131
0.36501
0.37909
0.49169
0.48700
0.42131
0.38847
0.37909
0.29464
0.48231
0.45416
0.37440
0.40724
0.38378
0.28056
0.49169
0.46823
0.44477
0.40255
0.37440
0.36501
0.36501
0.47761
0.49169
0.50107
0.47292
0.44008
0.38847
0.38847
0.36501
0.33686
0.22426
0.48231
0.49638
0.44946
0.39785
0.40255
0.36501
0.37440
0.38378
0.33217
0.46354
0.49169
0.45885
0.44477
0.48231
0.45416
0.40255
0.40255
0.39785
0.39785
0.39785
0.41193
0.38378
0.38378
0.41662
0.37909
0.36970
0.35094
0.33217
0.35563
0.34624
0.36501
0.39316
0.41662
0.41662
0.39316
0.37909
0.40255
0.40724
0.39785
0.40255
0.38847
0.40255
0.40724
0.42600
0.38847
0.38847
0.40724
0.41193
0.44477
0.48231
0.49169
0.48231
0.50107
0.46823
0.49169
0.49169
0.49638
0.48231
0.49169
0.51515
0.51046
0.50576
0.49638
0.25710
0.24772
0.28525
0.28056
0.29933
0.32279
0.31809
0.36970
0.36501
0.38378
0.40724
0.39785
0.40255
0.43539
0.37909
0.37909
0.39785
0.38847
0.40255
0.42131
0.45885
0.48700
0.49638
0.47761
0.53392
0.50576
0.32279
0.38378
0.38378
0.39316
0.39785
0.41662
0.51984
0.50576
0.51515
0.25710
0.36970
0.39316
0.39316
0.40724
0.48231
0.49638
0.51046
0.25241
0.35563
0.37909
0.38847
0.38847
0.43539
0.47761
0.48700
0.51984
0.38847
0.39316
0.41662
0.42131
0.48231
0.49169
0.32748
0.38847
0.40255
0.44477
0.51046
0.49638
0.39785
0.39316
0.46823
0.57145
0.30402
0.50576
0.54799
0.53392
0.38378
0.33217
0.21018
0.44946
0.39316
0.41193
0.42131
0.53861
0.49638
0.44477
0.42131
0.51046
0.46823
0.52922
0.46354
0.39785
0.54330
0.42600
0.51046
0.60898
0.48700
0.71689
0.40724
0.36501
0.54330
0.43539
0.49169
0.38847
0.52922
0.41193
0.51046
0.37440
0.38378
0.51984
0.39785
0.49638
0.38847
0.51046
0.42131
0.49169
0.35563
0.36501
0.47761
0.39316
0.49638
0.37909
0.49169
0.39316
0.50107
0.40255
0.43070
0.30402
0.40255
0.48231
0.39316
0.44946
0.51515
0.37909
0.48231
0.32748
0.41662
0.47292
0.40724
0.46846
0.35563
0.43539
0.32748
0.41662
0.31340
0.44008
0.36970
0.44946
0.34155
0.37909
0.51046
0.40724
0.47761
0.39316
0.46823
0.38847
0.45885
0.30402
0.38847
0.49169
0.42131
0.46823
0.38847
0.42131
0.49169
0.42131
0.48231
0.40724
0.48700
0.38378
0.48700
0.34155
0.43070
0.28525
0.39316
0.51515
0.35563
0.50576
0.40255
0.30402
0.48700
0.38847
0.27118
0.47761
0.40724
0.49638
0.43539
0.39785
0.51515
0.47761
0.39785
0.30402
0.49638
0.39785
0.36501
0.52922
0.40724
0.49169
0.37440
0.34155
0.51984
0.39785
0.51046
0.38847
0.36501
0.31340
0.51515
0.49169
0.42600
0.42600
0.33217
0.49169
0.37440
0.39785
0.51515
0.51046
0.41662
0.36970
0.51046
0.41662
0.41193
0.50107
0.42600
0.38378
0.38847
0.33686
0.51046
0.49169
0.44946
0.39316
0.41662
0.32748
0.46823
0.49638
0.38378
0.39785
0.50576
0.46823
0.38847
0.37440
0.50107
0.47292
0.36970
0.39785
0.33217
0.49169
0.44946
0.38378
0.39785
0.31809
0.49169
0.47761
0.49169
0.44008
0.39785
0.39785
0.36032
0.48231
0.48231
0.47761
0.39316
0.38378
0.36032
0.51515
0.48700
0.36032
0.40255
0.34155
0.48700
0.46354
0.40724
0.38378
0.50576
0.47292
0.32748
0.37909
0.30871
0.47292
0.43070
0.39785
0.36032
0.48700
0.46354
0.38847
0.36501
0.49638
0.44008
0.41662
0.28056
0.51515
0.40255
0.31340
0.47761
0.39316
0.29464
0.49638
0.40724
0.51984
0.47292
0.40255
0.50576
0.44477
0.38378
0.49169
0.38847
0.48700
0.39785
0.51046
0.39316
0.26648
0.36032
0.51515
0.38847
0.48700
0.41193
0.49638
0.41193
0.48231
0.35563
0.38378
0.51515
0.40724
0.50107
0.38847
0.40724
0.50107
0.40255
0.50576
0.38378
0.39785
0.51984
0.41193
0.49169
0.35563
0.42600
0.52453
0.41662
0.48700
0.53392
0.38847
0.47292
0.31340
0.40724
0.51515
0.31809
0.41662
0.49169
0.49638
0.39785
0.48231
0.51515
0.40724
0.41193
0.48700
0.41193
0.41193
0.46354
0.35563
0.41193
0.50107
0.29933
0.43539
0.48231
0.51984
0.40255
0.50107
0.51046
0.42131
0.51046
0.50107
0.43070
0.47292
0.36501
0.50107
0.46354
0.39785
0.36970
0.50576
0.47292
0.40724
0.33217
0.49638
0.38847
0.40255
0.51984
0.48231
0.41662
0.38847
0.49638
0.51515
0.41193
0.41662
0.50576
0.48700
0.41662
0.39785
0.36970
0.51046
0.49169
0.34624
0.40724
0.33217
0.49638
0.42131
0.40724
0.50576
0.50576
0.42131
0.36970
0.50576
0.39316
0.38378
0.51984
0.45416
0.40255
0.51046
0.49638
0.41193
0.34155
0.49169
0.40255
0.41662
0.50107
0.37440
0.40255
0.51046
0.38378
0.36501
0.48231
0.42600
0.30402
0.49638
0.38847
0.51984
0.41193
0.38847
0.51046
0.42131
0.51515
0.45416
0.36970
0.49169
0.40255
0.49169
0.44946
0.41193
0.48700
0.38847
0.30402
0.47761
0.37440
0.49169
0.39785
0.51515
0.41193
0.51046
0.39316
0.32279
0.45416
0.38378
0.49638
0.39785
0.50107
0.39316
0.47761
0.40724
0.51984
0.40724
0.50576
0.37909
0.50107
0.34624
0.48231
0.36970
0.28994
0.38847
0.30402
0.37440
0.55737
0.41662
0.52453
0.44008
0.54799
0.42131
0.51984
0.41662
0.51046
0.41662
0.50107
0.39316
0.47761
0.39316
0.45885
0.37440
0.49638
0.38378
0.48700
0.40724
0.47761
0.39785
0.48700
0.40255
0.48231
0.39785
0.50107
0.40724
0.48700
0.39785
0.50107
0.42131
0.49169
0.39316
0.50107
0.39785
0.48231
0.42600
0.49638
0.41662
0.49169
0.41662
0.48231
0.39785
0.49638
0.41193
0.46354
0.41193
0.49169
0.40724
0.47761
0.42131
0.46823
0.37440
0.49638
0.41193
0.28525
0.44008
0.39785
0.48700
0.40724
0.49638
0.41193
0.40724
0.49638
0.40724
0.49169
0.46823
0.38378
0.50107
0.35563
0.36970
0.49638
0.41193
0.52453
0.46823
0.42131
0.51515
0.43539
0.41193
0.46354
0.41662
0.34624
0.48231
0.39785
0.49169
0.45416
0.37440
0.49638
0.40255
0.39785
0.49638
0.40255
0.39316
0.50576
0.42600
0.38847
0.51984
0.42131
0.38378
0.50107
0.45885
0.42131
0.49638
0.47761
0.40255
0.48700
0.47761
0.39785
0.50107
0.46354
0.39316
0.51046
0.38847
0.39785
0.46354
0.41662
0.30871
0.49169
0.41193
0.51984
0.40255
0.40724
0.50576
0.39316
0.50107
0.42600
0.38378
0.51515
0.39785
0.50107
0.40255
0.40724
0.49169
0.40724
0.30402
0.47761
0.39316
0.49169
0.44477
0.40724
0.52922
0.45885
0.39785
0.52922
0.43070
0.40724
0.49638
0.46354
0.41662
0.51515
0.50107
0.41193
0.32748
0.47761
0.40255
0.39316
0.50107
0.47292
0.35563
0.38847
0.50576
0.46823
0.39785
0.39316
0.49638
0.46354
0.39785
0.40255
0.29464
0.48700
0.49169
0.38847
0.40724
0.38847
0.34155
0.51046
0.48700
0.46823
0.41193
0.39316
0.39316
0.36970
0.50576
0.50107
0.50107
0.42131
0.38378
0.40724
0.39785
0.52922
0.50107
0.46823
0.35563
0.39785
0.39785
0.28994
0.48700
0.50107
0.42600
0.42600
0.40255
0.32748
0.29933
0.26648
0.50107
0.52922
0.49169
0.48231
0.43070
0.40255
0.40255
0.49638
0.48700
0.37909
0.40724
0.30402
0.48700
0.36501
0.39316
0.49638
0.47292
0.41193
0.40724
0.50107
0.47292
0.41193
0.40724
0.51515
0.42600
0.38378
0.31340
0.50576
0.38847
0.39316
0.47292
0.37440
0.40724
0.54330
0.41662
0.41193
0.51984
0.45885
0.43070
0.48231
0.49638
0.40255
0.32279
0.51046
0.40255
0.41193
0.51984
0.47292
0.45885
0.44946
0.43070
0.36970
0.41662
0.41662
0.32748
0.50107
0.51046
0.51515
0.41193
0.41193
0.40724
0.49169
0.43539
0.52453
0.39316
0.32748
0.43070
0.40255
0.48231
0.36032
0.44946
0.31340
0.38378
0.53861
0.39316
0.50576
0.38378
0.54330
0.38378
0.29933
0.42600
0.34155
0.47292
0.43070
0.52922
0.43070
0.42131
0.51046
0.39785
0.51515
0.37440
0.34624
0.47761
0.44477
0.50576
0.40724
0.51984
0.42600
0.39785
0.51515
0.49169
0.42131
0.34624
0.49638
0.41193
0.50576
0.40724
0.49638
0.40255
0.50576
0.39316
0.50107
0.41662
0.50107
0.39785
0.48700
0.40255
0.42131
0.49638
0.40255
0.47761
0.44946
0.37440
0.40724
0.40255
0.33217
0.50107
0.46823
0.40255
0.53861
0.48700
0.42131
0.31809
0.49169
0.41662
0.35094
0.49169
0.36501
0.41193
0.50576
0.44008
0.40255
0.53392
0.43070
0.41662
0.49638
0.39316
0.40255
0.51046
0.48231
0.41193
0.33217
0.48700
0.46354
0.41662
0.40255
0.50107
0.49169
0.36032
0.40724
0.33217
0.48700
0.51515
0.36970
0.42131
0.34624
0.52453
0.49638
0.47761
0.40255
0.40255
0.43070
0.39316
0.33217
0.50576
0.50107
0.50576
0.41193
0.38847
0.51984
0.49169
0.39316
0.39785
0.27587
0.48700
0.34155
0.39785
0.50576
0.38847
0.41193
0.48700
0.40724
0.33217
0.50576
0.48700
0.36970
0.43070
0.31809
0.48700
0.40255
0.44008
0.34155
0.50107
0.48700
0.41662
0.33217
0.44946
0.36032
0.41193
0.50576
0.40724
0.39316
0.50107
0.44946
0.38847
0.50107
0.46354
0.40724
0.28525
0.49638
0.40255
0.38378
0.50107
0.47761
0.36970
0.41662
0.40724
0.39785
0.39785
0.32748
0.51515
0.49169
0.49638
0.51046
0.40255
0.35563
0.41662
0.41193
0.38847
0.40255
0.36501
0.31809
0.29464
0.50576
0.50107
0.50576
0.50107
0.50576
0.51984
0.49638
0.49169
0.45885
0.49169
0.49169
0.50107
0.50576
0.49169
0.45885
0.45416
0.45885
0.44946
0.47292
0.48700
0.49169
0.49169
0.47761
0.48700
0.50576
0.48700
0.49638
0.51046
0.50107
0.23833
0.31809
0.37440
0.39785
0.40255
0.40724
0.40724
0.34155
0.36032
0.39785
0.41193
0.42600
0.43539
0.46823
0.46354
0.45885
0.45416
0.45416
0.46354
0.46823
0.43539
0.46823
0.47761
0.47761
0.47292
0.49169
0.46823
0.50107
0.46823
0.45885
0.46823
0.47292
0.49638
0.32279
0.36501
0.38378
0.38847
0.37440
0.35094
0.33217
0.28056
0.51046
0.51984
0.49638
0.49169
0.48231
0.51046
0.44946
0.41193
0.37440
0.34155
0.42600
0.40724
0.41662
0.42131
0.39785
0.39785
0.37909
0.35563
0.36032
0.37440
0.37909
0.39316
0.40724
0.38847
0.29933
0.51984
0.51046
0.49169
0.49169
0.50576
0.52453
0.44477
0.40416
0.35094
0.40724
0.32748
0.49169
0.59022
