0.39785
0.44946
0.39785
0.38847
0.47761
0.39316
0.43070
0.34155
0.42131
0.39316
0.49169
0.40724
0.33217
0.36970
0.47292
0.39785
0.48231
0.41193
0.45416
0.48231
0.45885
0.32279
0.42131
0.45416
0.36970
0.49638
0.44946
0.33686
0.39785
0.45416
0.42131
0.36501
0.50576
0.47292
0.47761
0.41662
0.48700
0.37909
0.34155
0.48231
0.32748
0.34624
0.48700
0.46354
0.45885
0.47292
0.39316
0.40255
0.30871
0.37440
0.45416
0.39316
0.33686
0.35563
0.44008
0.30871
0.29464
0.44477
0.46354
0.44946
0.32748
0.45885
0.31809
0.36501
0.46354
0.34155
0.35094
0.29464
0.32748
0.49638
0.49169
0.33217
0.29464
0.33217
0.45416
0.44946
0.35094
0.47761
0.46823
0.38847
0.30871
0.34155
0.39316
0.45416
0.37909
0.36501
0.33686
0.36970
0.30871
0.29464
0.45416
0.36032
0.46354
0.47292
0.34624
0.34624
0.42600
0.45885
0.35563
0.38378
0.36032
0.41662
0.36032
0.34624
0.38378
0.40724
0.38378
0.32748
0.27587
0.47761
0.49638
0.47292
0.33686
0.35094
0.32279
0.32748
0.34624
0.49638
0.33217
0.48700
0.31809
0.45885
0.32279
0.46354
0.32748
0.48231
0.32748
0.27118
0.47761
0.34624
0.46354
0.48231
0.36032
0.47761
0.32748
0.45885
0.37440
0.33217
0.49638
0.49169
0.46354
0.30871
0.44946
0.47761
0.33217
0.45885
0.49638
0.48231
0.45885
0.47292
0.49638
0.42600
0.33217
0.32279
0.48700
0.29464
0.49169
0.29933
0.41193
0.27587
0.36501
0.48231
0.32748
0.48700
0.31809
0.48700
0.34624
0.28056
0.51515
0.47292
0.33686
0.29464
0.41193
0.33217
0.33217
0.34624
0.35094
0.50107
0.32748
0.31809
0.28994
0.33217
0.34624
0.30871
0.48700
0.34624
0.47292
0.45416
0.33217
0.47761
0.35094
0.30871
0.44946
0.47292
0.35563
0.37909
0.48231
0.40724
0.31340
0.30871
0.45416
0.46823
0.34155
0.45885
0.47292
0.49169
0.48231
0.36970
0.29464
0.32279
0.49169
0.33217
0.44946
0.44008
0.35563
0.31809
0.40724
0.48231
0.47761
0.28525
0.31340
0.30402
0.30871
0.34155
0.34155
0.48231
0.31809
0.38378
0.46354
0.32279
0.50576
0.48231
0.44008
0.34840
0.36501
0.31809
0.33217
0.32748
0.48231
0.31340
0.36032
0.46354
0.32279
0.46354
0.37909
0.45885
0.39316
0.36970
0.47292
0.46823
0.44008
0.45885
0.46823
0.36501
0.40724
0.44477
0.37440
0.50107
0.32279
0.46354
0.40724
0.32279
0.49169
0.65062
0.49169
0.48700
0.44946
0.35563
0.44477
0.44477
0.46354
0.36970
0.47292
0.32748
0.45885
0.45416
0.46823
0.45416
0.45416
0.33217
0.33217
0.49169
0.50107
0.38378
0.45416
0.30402
0.48700
0.49169
0.33217
0.31809
0.47292
0.39785
0.34155
0.47761
0.33217
0.48231
0.33217
0.31340
0.48231
0.32279
0.30402
0.45416
0.38378
0.47292
0.34624
0.32279
0.28994
0.44946
0.35563
0.39316
0.46823
0.34155
0.30402
0.46354
0.45885
0.28994
0.32748
0.44477
0.46354
0.34624
0.33217
0.33686
0.46823
0.44008
0.41193
0.34155
0.44477
0.33217
0.46354
0.44946
0.34624
0.50107
0.46354
0.45416
0.45416
0.47292
0.33217
0.42131
0.31340
0.50107
0.49169
0.50576
0.33686
0.46823
0.31809
0.28056
0.46823
0.47761
0.44477
0.45416
0.45416
0.30402
0.36032
0.48231
0.31809
0.47292
0.31833
0.24303
0.44946
0.32748
0.47761
0.44946
0.33686
0.30871
0.42600
0.45416
0.45416
0.44946
0.31809
0.40724
0.37440
0.44946
0.31809
0.31809
0.36501
0.34624
0.34155
0.48231
0.38378
0.34155
0.45416
0.30871
0.28525
0.33686
0.36970
0.48700
0.45885
0.46823
0.47761
0.48231
0.51046
0.47292
0.45416
0.47761
0.33217
0.49638
0.37909
0.35563
0.47761
0.31809
0.44946
0.46354
0.36970
0.32748
0.34155
0.36501
0.45885
0.45885
0.47292
0.34624
0.46823
0.47292
0.45885
0.47761
0.45416
0.49169
0.46354
0.48231
0.32748
0.30871
0.46354
0.48231
0.31809
0.37440
0.45416
0.32748
0.47761
0.32279
0.48231
0.35563
0.47292
0.30402
0.48231
0.45885
0.32279
0.32279
0.29933
0.49169
0.32748
0.45885
0.32748
0.45416
0.45885
0.40255
0.41662
0.35094
0.33217
0.33686
0.32748
0.36032
0.33686
0.47292
0.41662
0.46354
0.44946
0.44946
0.34155
0.49638
0.45416
0.33217
0.33217
0.47292
0.36970
0.47761
0.45885
0.33686
0.34155
0.46354
0.47761
0.38378
0.30871
0.33686
0.38847
0.41193
0.49638
0.31340
0.50107
0.46354
0.31809
0.34155
0.35094
0.44477
0.31809
0.31340
0.47292
0.32748
0.32748
0.48231
0.32279
0.45416
0.31340
0.30402
0.33217
0.43539
0.49638
0.31809
0.40594
0.46823
0.31809
0.47292
0.48700
0.34155
0.47292
0.48700
0.34155
0.35563
0.46354
0.32279
0.45885
0.35563
0.47292
0.51515
0.31809
0.46354
0.50107
0.31340
0.32748
0.39785
0.47761
0.34624
0.44946
0.48231
0.35094
0.50107
0.34624
0.47761
0.34155
0.34155
0.46823
0.36501
0.49638
0.34624
0.35094
0.34624
0.44008
0.47761
0.47761
0.46823
0.33686
0.49169
0.36501
0.46823
0.32279
0.35563
0.50107
0.34624
0.47292
0.47761
0.33217
0.45631
0.49638
0.35563
0.34624
0.45416
0.48231
0.50576
0.35094
0.31340
0.46354
0.50107
0.48700
0.31809
0.33217
0.33686
0.40255
0.49169
0.48700
0.42600
0.36194
0.31809
0.35094
0.45885
0.34155
0.34624
0.48231
0.31809
0.32748
0.48231
0.32748
0.35563
0.48700
0.44946
0.47761
0.49638
0.45885
0.46354
0.44946
0.47761
0.42600
0.32748
0.32279
0.34624
0.49169
0.46823
0.44008
0.34624
0.35563
0.33217
0.34624
0.32748
0.50576
0.50576
0.36970
0.35094
0.51046
0.39316
0.33686
0.48700
0.36032
0.47761
0.34155
0.49638
0.32748
0.49169
0.35094
0.50107
0.32279
0.47292
0.37440
0.38378
0.45885
0.32279
0.35563
0.35563
0.45885
0.47761
0.50107
0.48700
0.50107
0.35094
0.33686
0.36032
0.37909
0.44008
0.45416
0.44946
0.52200
0.47761
0.47761
0.45416
0.36970
0.34624
0.33686
0.34624
0.34155
0.33686
0.33686
0.35563
0.32748
0.32279
0.33686
0.34624
0.33686
0.32748
0.36032
0.32279
0.35094
0.33686
0.35094
0.31809
0.34624
0.34155
0.33686
0.33686
0.33217
0.33686
0.33686
0.33686
0.34624
0.33217
0.31340
0.36032
0.33217
0.50107
0.47761
0.45416
0.45885
0.48231
0.44946
0.45885
0.38847
0.35094
0.34624
0.37440
0.34624
0.46823
0.49638
0.48231
0.43539
0.36970
0.31809
0.34624
0.47292
0.41662
0.30871
0.29464
0.47292
0.36970
0.37909
0.47292
0.37909
0.35563
0.47292
0.33686
0.31809
0.45885
0.33686
0.48231
0.31809
0.47292
0.31809
0.48700
0.34155
0.49169
0.34624
0.48700
0.33217
0.47761
0.34624
0.50576
0.35094
0.48231
0.34624
0.47292
0.31809
0.47761
0.36501
0.48231
0.36501
0.48231
0.32748
0.45416
0.36032
0.41662
0.51046
0.34624
0.50107
0.36032
0.42131
0.50107
0.33217
0.45416
0.31340
0.35094
0.44477
0.32279
0.35094
0.46354
0.29464
0.31340
0.45885
0.50576
0.32748
0.47292
0.46823
0.34155
0.40255
0.49169
0.37440
0.36032
0.47761
0.32279
0.30871
0.46823
0.47292
0.36501
0.33686
0.44008
0.47761
0.48231
0.35094
0.33686
0.37440
0.45416
0.46823
0.47292
0.32748
0.32748
0.35094
0.36970
0.46354
0.44946
0.46823
0.46823
0.49169
0.33686
0.36501
0.35563
0.32279
0.32279
0.33686
0.34624
0.32748
0.31809
0.36501
0.34624
0.38378
0.38378
0.35563
0.32748
0.33217
0.32279
0.32748
0.31340
0.32279
0.33217
0.32748
0.34624
0.35563
0.37440
0.35563
0.47292
0.47292
0.48700
0.49169
0.45885
0.45885
0.38847
0.32279
0.33217
0.35094
0.38378
0.38378
0.48700
0.46823
0.45885
0.43539
0.32279
0.32279
0.31340
0.31809
0.46354
0.45885
0.47292
0.44224
0.35094
0.31809
0.32279
0.46823
0.47761
0.44946
0.34624
0.32748
0.36501
0.49169
0.47292
0.45416
0.34155
0.32748
0.38378
0.45885
0.46823
0.45885
0.34624
0.31809
0.30871
0.47761
0.43070
0.32748
0.33217
0.46354
0.42600
0.31809
0.32748
0.46823
0.44477
0.33848
0.34624
0.49169
0.41193
0.33686
0.49169
0.45416
0.33686
0.36032
0.47292
0.44946
0.32748
0.47761
0.47761
0.33686
0.38847
0.50576
0.38847
0.32279
0.51984
0.39316
0.35563
0.48231
0.36970
0.42194
0.49169
0.33217
0.44008
0.47761
0.37440
0.49638
0.37440
0.35094
0.41662
0.31809
0.47761
0.39316
0.34624
0.44008
0.32748
0.45885
0.33217
0.30402
0.44477
0.32279
0.48231
0.35094
0.51046
0.36970
0.32748
0.45885
0.36501
0.44008
0.36970
0.45885
0.33686
0.45885
0.34624
0.50107
0.31340
0.50576
0.32748
0.48700
0.40724
0.34155
0.45416
0.30871
0.48700
0.31809
0.49169
0.34624
0.31809
0.44477
0.37440
0.46354
0.29464
0.48231
0.35094
0.32748
0.46354
0.34624
0.48231
0.33686
0.49638
0.39316
0.37909
0.42600
0.35563
0.51046
0.34155
0.48231
0.34155
0.48700
0.33686
0.47292
0.34155
0.47761
0.33686
0.48231
0.33686
0.48231
0.37909
0.44008
0.36970
0.43070
0.31809
0.38378
0.28056
0.33686
0.48700
0.31809
0.48700
0.33217
0.49169
0.34624
0.47292
0.33217
0.48700
0.33217
0.45885
0.36032
0.45416
0.36032
0.50107
0.30402
0.48700
0.32748
0.31340
0.40255
0.37440
0.44946
0.36032
0.50107
0.31340
0.46354
0.34624
0.49169
0.34624
0.75023
0.36032
0.48700
0.34155
0.48700
0.34624
0.47761
0.32748
0.45416
0.36501
0.41662
0.27587
0.34624
0.46354
0.35094
0.44946
0.36032
0.46354
0.31340
0.35094
0.47292
0.31809
0.47292
0.36970
0.45885
0.33217
0.33686
0.49169
0.30402
0.47761
0.38847
0.41662
0.46354
0.31809
0.48231
0.33217
0.44477
0.38378
0.45885
0.36501
0.35563
0.48231
0.28525
0.46823
0.36032
0.43070
0.46823
0.34624
0.49169
0.32279
0.45885
0.32279
0.43539
0.31809
0.37909
0.44946
0.34155
0.46823
0.30402
0.49169
0.31340
0.47292
0.33686
0.48700
0.32748
0.50107
0.32279
0.49638
0.33686
0.49638
0.35094
0.46823
0.34624
0.47039
0.34624
0.44008
0.37440
0.44946
0.35094
0.45416
0.33217
0.41662
0.44477
0.36970
0.49638
0.33217
0.49638
0.31809
0.46354
0.34155
0.47761
0.39316
0.41193
0.49638
0.34155
0.46354
0.31809
0.44477
0.31340
0.37909
0.46823
0.36032
0.44477
0.33217
0.42600
0.39316
0.41193
0.28056
0.35563
0.45885
0.32748
0.44946
0.36501
0.43539
0.48700
0.34155
0.48231
0.30871
0.42131
0.31340
0.37440
0.48231
0.34155
0.45885
0.33686
0.48700
0.34624
0.31809
0.46823
0.32748
0.44946
0.38378
0.38847
0.48231
0.33217
0.49169
0.35563
0.40255
0.48231
0.33217
0.45416
0.30402
0.30402
0.42131
0.45885
0.31809
0.45416
0.47761
0.32748
0.44008
0.45416
0.32748
0.39785
0.46354
0.37909
0.33686
0.43539
0.46823
0.36501
0.38847
0.47761
0.32279
0.36032
0.46354
0.48231
0.33686
0.43539
0.49638
0.36501
0.36032
0.47292
0.49638
0.37909
0.36032
0.46823
0.48700
0.31340
0.37440
0.31809
0.42131
0.45885
0.49169
0.33217
0.37440
0.31340
0.35094
0.38847
0.44946
0.47292
0.46354
0.47292
0.26179
0.33686
0.34624
0.30871
0.31809
0.33686
0.38378
0.42131
0.42600
0.47292
0.46354
0.47761
0.45416
0.30402
0.34624
0.39316
0.35563
0.31809
0.31340
0.34624
0.34624
0.36970
0.38847
0.41193
0.44008
0.43539
0.41662
0.42600
0.41662
0.40724
0.38378
0.34155
0.35094
0.31340
0.34624
0.33686
0.31809
0.34155
0.30871
0.33217
0.37909
0.37909
0.36032
0.33686
0.30402
0.51984
0.48700
0.48231
0.48700
0.51515
0.44477
0.47292
0.43070
0.42131
0.40724
0.40255
0.33686
0.33217
0.33686
0.31340
0.34155
0.36501
0.33217
0.36501
0.32748
0.31340
0.47761
0.48231
0.47761
0.44477
0.45416
0.44008
0.39316
0.33217
0.32279
0.34155
0.32279
0.33686
0.36970
0.36970
0.38847
0.32748
0.34624
0.31809
0.31809
0.31809
0.33686
0.33217
0.32279
0.32279
0.31340
0.32279
0.39316
0.46354
0.48231
0.50576
0.48231
0.44946
0.46354
0.47761
0.47292
0.46354
0.48231
0.49169
0.48231
0.48231
0.48700
0.48700
0.50576
0.51984
0.48231
0.49169
0.48231
0.48231
0.47292
0.49638
0.46823
0.46823
0.52922
0.48700
0.52453
0.50107
0.51515
0.49638
0.52453
0.49169
0.48700
0.49638
0.46823
0.46823
0.37909
0.36501
0.37440
0.34155
0.49638
0.50576
0.48700
0.35094
0.32748
0.41193
0.50576
0.50107
0.52453
0.46354
0.34155
0.36032
0.42600
0.49169
0.49638
0.70692
0.37440
0.36501
0.38378
0.38378
0.50107
0.52453
0.51984
0.49169
0.46823
0.36501
0.38378
0.37909
0.48700
0.52922
0.45885
0.41193
0.37909
0.51515
0.51046
0.49638
0.37909
0.38378
0.35094
0.49638
0.46354
0.39785
0.34155
0.39316
0.50576
0.49169
0.48231
0.36970
0.39316
0.31809
0.49638
0.48700
0.36970
0.35094
0.34624
0.47761
0.47292
0.37440
0.35094
0.36032
0.48231
0.52922
0.44008
0.37909
0.41662
0.47292
0.51515
0.48700
0.36501
0.36501
0.35094
0.49638
0.51515
0.42600
0.34155
0.39785
0.49638
0.48231
0.38378
0.37909
0.31809
0.49638
0.36032
0.38847
0.50576
0.46354
0.34155
0.34155
0.45885
0.34155
0.39316
0.48231
0.40724
0.36501
0.53392
0.46823
0.31340
0.31809
0.50576
0.39316
0.38378
0.48231
0.50107
0.42600
0.36032
0.32279
0.51046
0.39316
0.36970
0.51046
0.45416
0.36032
0.39785
0.49638
0.46823
0.36501
0.36501
0.52453
0.56661
0.37909
0.39316
0.54799
0.44946
0.36032
0.38378
0.51984
0.44477
0.37440
0.35094
0.48700
0.42131
0.36501
0.54799
0.47761
0.35563
0.38378
0.51984
0.47292
0.36501
0.34624
0.47292
0.39316
0.40724
0.50576
0.44946
0.36501
0.37909
0.49169
0.34624
0.39785
0.48700
0.38378
0.36501
0.47292
0.36501
0.51046
0.50576
0.39785
0.51046
0.39316
0.37909
0.47292
0.36501
0.53861
0.49169
0.35563
0.48231
0.45885
0.37909
0.51515
0.35563
0.38847
0.46823
0.35094
0.51515
0.43539
0.37909
0.48700
0.36501
0.34624
0.47292
0.41193
0.52453
0.42131
0.40724
0.51984
0.40255
0.52453
0.47761
0.42131
0.51515
0.39316
0.35563
0.48231
0.37909
0.52453
0.49638
0.35563
0.57484
0.36970
0.35094
0.48700
0.35094
0.50576
0.46846
0.35563
0.51515
0.39316
0.38378
0.48231
0.37909
0.51984
0.46354
0.39316
0.51515
0.40255
0.44008
0.49169
0.42600
0.53392
0.39316
0.46354
0.48231
0.38847
0.50107
0.34624
0.53861
0.40724
0.34155
0.49638
0.39316
0.47761
0.36032
0.52922
0.38378
0.35094
0.47292
0.40255
0.46354
0.38378
0.51046
0.37909
0.51515
0.44477
0.41193
0.48231
0.36501
0.49169
0.43539
0.39316
0.48231
0.37440
0.35094
0.45885
0.39316
0.35094
0.48700
0.38378
0.35094
0.50107
0.36032
0.29464
0.48700
0.36501
0.51046
0.45885
0.34624
0.49638
0.36501
0.36970
0.45885
0.36501
0.51046
0.35563
0.33686
0.47292
0.37909
0.47292
0.35094
0.36970
0.45885
0.37909
0.46823
0.49638
0.35563
0.50576
0.45416
0.40255
0.53392
0.45885
0.38847
0.51515
0.43539
0.39316
0.49638
0.50576
0.36032
0.31340
0.45885
0.36501
0.36032
0.49638
0.41193
0.42131
0.51515
0.46354
0.34155
0.51984
0.48700
0.35563
0.34624
0.48231
0.37440
0.34624
0.49169
0.35563
0.53392
0.46823
0.33217
0.50576
0.41193
0.39785
0.48700
0.39316
0.37440
0.49638
0.41662
0.38378
0.50576
0.44946
0.34624
0.34624
0.34624
0.47761
0.46823
0.45885
0.48700
0.49638
0.46354
0.48700
0.46823
