-0.34344
-0.19800
-0.32937
-0.21208
-0.25899
-0.37160
-0.34344
-0.28714
-0.15577
-0.34814
-0.26838
-0.41851
-0.18862
-0.30591
-0.17923
-0.19800
-0.15108
-0.20269
-0.41851
-0.16516
-0.37629
-0.24023
-0.21208
-0.41382
-0.33406
-0.40913
-0.40444
-0.30122
-0.26838
-0.30122
-0.27776
-0.17923
-0.31529
-0.48889
-0.18862
-0.20269
-0.28245
-0.44666
-0.36690
-0.30591
-0.16047
-0.23084
-0.36690
-0.25899
-0.28245
-0.31999
-0.47481
-0.27776
-0.33406
-0.38567
-0.17454
-0.25899
-0.22615
-0.22615
-0.19800
-0.02137
-0.16047
-0.22615
-0.22146
-0.26368
-0.24961
-0.44666
-0.32468
-0.19331
-0.32468
-0.21208
-0.36690
-0.25430
-0.29184
-0.40913
-0.37160
-0.45605
-0.16047
-0.21208
-0.34344
-0.32468
-0.31529
-0.23553
-0.31999
-0.32937
-0.23553
-0.25899
-0.41382
-0.24492
-0.34814
-0.34344
-0.37629
-0.20738
-0.23084
-0.22146
-0.25430
-0.33875
-0.33406
-0.38567
-0.26838
-0.20269
-0.42790
-0.27776
-0.33406
-0.24023
-0.33875
-0.24023
-0.32937
-0.22615
-0.32468
-0.32937
-0.28245
-0.24023
-0.24961
-0.21208
-0.31999
-0.34814
-0.29653
-0.24023
-0.25430
-0.18862
-0.38567
-0.35283
-0.21677
-0.27307
-0.31060
-0.26838
-0.32468
-0.19800
-0.45605
-0.29653
-0.20269
-0.38567
-0.37160
-0.29653
-0.28245
-0.33875
-0.20269
-0.18862
-0.31999
-0.20738
-0.22146
-0.21677
-0.33406
-0.34344
-0.28245
-0.33875
-0.33406
-0.30122
-0.36690
-0.28245
-0.31999
-0.32937
-0.27776
-0.35283
-0.34344
-0.29653
-0.27307
-0.26838
-0.25899
-0.20738
-0.24961
-0.23084
-0.26368
-0.29184
-0.25899
-0.31999
-0.27307
-0.28714
-0.26368
-0.32937
-0.22615
-0.24961
-0.34814
-0.24492
-0.32937
-0.28245
-0.29184
-0.32937
-0.28245
-0.20738
-0.37160
-0.21208
-0.20738
-0.29653
-0.38567
-0.41382
-0.32937
-0.34344
-0.33406
-0.35752
-0.28714
-0.24492
-0.23084
-0.25430
-0.32937
-0.36690
-0.26838
-0.35283
-0.25899
-0.23084
-0.34344
-0.27776
-0.34814
-0.36690
-0.24961
-0.36690
-0.36221
-0.21208
-0.29653
-0.37160
-0.30591
-0.35283
-0.42790
-0.27307
-0.27776
-0.19800
-0.37160
-0.33875
-0.38098
-0.31999
-0.27307
-0.24492
-0.37629
-0.35283
-0.23553
-0.20738
-0.29653
-0.29184
-0.23553
-0.34814
-0.25430
-0.29653
-0.23084
-0.30591
-0.26368
-0.38567
-0.29184
-0.31999
-0.37629
-0.29184
-0.34814
-0.29184
-0.24023
-0.27307
-0.24492
-0.32468
-0.28714
-0.30591
-0.31060
-0.39036
-0.29653
-0.32937
-0.37629
-0.34814
-0.43728
-0.23084
-0.28714
-0.21677
-0.33875
-0.23553
-0.24492
-0.41851
-0.27307
-0.30591
-0.27776
-0.26368
-0.38098
-0.27776
-0.37629
-0.30591
-0.25430
-0.29653
-0.23553
-0.33875
-0.34814
-0.26368
-0.33875
-0.43728
-0.23553
-0.21677
-0.26838
-0.35752
-0.34814
-0.16985
-0.24023
-0.24961
-0.29184
-0.19800
-0.28245
-0.24023
-0.24023
-0.26838
-0.31529
-0.22615
-0.21208
-0.26368
-0.15577
-0.33875
-0.28245
-0.24023
-0.19800
-0.32468
-0.39505
-0.26368
-0.32468
-0.28714
-0.16985
-0.39975
-0.20269
-0.36690
-0.24492
-0.31529
-0.39036
-0.28714
-0.35283
-0.16047
-0.30122
-0.39505
-0.39036
-0.27776
-0.24492
-0.30591
-0.36690
-0.32468
-0.38098
-0.32937
-0.34344
-0.38567
-0.31999
-0.36221
-0.31060
-0.36690
-0.27776
-0.32937
-0.37629
-0.22615
-0.24492
-0.20738
-0.34344
-0.38567
-0.23553
-0.36221
-0.38098
-0.27307
-0.34344
-0.30591
-0.22615
-0.37160
-0.24023
-0.39975
-0.28245
-0.37160
-0.21208
-0.28245
-0.31999
-0.25430
-0.32468
-0.38567
-0.22615
-0.28714
-0.31529
-0.15108
-0.26838
-0.29653
-0.34344
-0.33406
-0.38098
-0.28245
-0.16516
-0.24023
-0.21208
-0.20269
-0.23084
-0.28714
-0.17923
-0.23553
-0.34814
-0.28714
-0.39036
-0.24023
-0.20738
-0.35283
-0.32937
-0.24023
-0.38098
-0.25899
-0.24492
-0.33875
-0.26368
-0.34814
-0.22146
-0.33875
-0.27307
-0.34814
-0.28245
-0.29184
-0.41851
-0.27776
-0.28245
-0.37629
-0.27776
-0.31529
-0.37629
-0.33406
-0.34344
-0.19800
-0.21677
-0.21208
-0.26368
-0.30122
-0.46543
-0.36221
-0.32468
-0.38098
-0.39505
-0.40913
-0.25430
-0.19800
-0.24961
-0.20738
-0.15577
-0.41851
-0.32468
-0.19331
-0.18862
-0.32468
-0.35752
-0.24492
-0.40913
-0.29653
-0.09947
-0.39975
-0.16516
-0.31999
-0.15108
-0.33875
-0.29653
-0.27776
-0.31999
-0.26368
-0.33875
-0.34814
-0.29653
-0.36690
-0.31060
-0.24492
-0.24961
-0.29653
-0.33406
-0.22615
-0.19800
-0.19800
-0.17454
-0.27307
-0.40913
-0.34814
-0.41382
-0.38567
-0.39036
-0.39975
-0.30591
-0.38098
-0.27776
-0.19331
-0.15108
-0.16985
-0.36221
-0.27776
-0.41851
-0.31529
-0.30591
-0.36221
-0.25899
-0.24023
-0.37160
-0.29184
-0.24961
-0.32937
-0.27776
-0.33875
-0.25899
-0.22146
-0.38567
-0.17923
-0.31999
-0.15577
-0.31060
-0.22146
-0.38098
-0.37160
-0.21208
-0.37160
-0.26838
-0.38567
-0.25899
-0.23553
-0.30591
-0.39505
-0.25430
-0.31060
-0.34814
-0.30591
-0.34814
-0.18392
-0.20269
-0.26838
-0.34814
-0.29653
-0.34344
-0.35752
-0.36690
-0.30122
-0.34344
-0.40913
-0.40444
-0.38567
-0.28245
-0.30591
-0.41851
-0.30591
-0.41851
-0.36690
-0.24023
-0.21208
-0.20269
-0.18392
-0.41382
-0.36690
-0.35283
-0.19800
-0.24023
-0.43259
-0.41382
-0.25899
-0.15577
-0.37629
-0.27776
-0.21677
-0.37160
-0.19800
-0.39975
-0.31999
-0.24961
-0.35283
-0.21677
-0.34344
-0.25899
-0.39036
-0.18862
-0.29184
-0.30591
-0.19800
-0.40444
-0.25430
-0.25899
-0.33406
-0.24023
-0.19331
-0.40913
-0.36690
-0.26368
-0.30122
-0.39505
-0.30591
-0.28714
-0.20738
-0.19800
-0.37629
-0.32937
-0.31060
-0.29653
-0.38567
-0.12293
-0.24492
-0.17923
0.10277
-0.26838
-0.27776
-0.25899
-0.20269
-0.21208
-0.23084
-0.38098
-0.39036
-0.34344
-0.36221
-0.29184
-0.24023
-0.14639
-0.42790
-0.30591
-0.24492
-0.28245
-0.24961
-0.32468
-0.28714
-0.37160
-0.39036
-0.37629
-0.17454
-0.27307
-0.28245
-0.20269
-0.29184
-0.31060
-0.26838
-0.19331
-0.26838
-0.23084
-0.18862
-0.37629
-0.38098
-0.34344
-0.18392
-0.17454
-0.28714
-0.34344
-0.20269
-0.38567
-0.35283
-0.19800
-0.38098
-0.28245
-0.40913
-0.27776
-0.22615
-0.36529
-0.16516
-0.27776
-0.34344
-0.26368
-0.40913
-0.24492
-0.31529
-0.30591
-0.26838
-0.20269
-0.38567
-0.37629
-0.24023
-0.28714
-0.39036
-0.26838
-0.29184
-0.19331
-0.21677
-0.27776
-0.32937
-0.37629
-0.40913
-0.28245
-0.41382
-0.37160
-0.16047
-0.15108
-0.17454
-0.20738
-0.38567
-0.30591
-0.30591
-0.42320
-0.44197
-0.28245
-0.16516
-0.22615
-0.29653
-0.42790
-0.32468
-0.17923
-0.15108
-0.38098
-0.31060
-0.17923
-0.37160
-0.31529
-0.25430
-0.45136
-0.30122
-0.21208
-0.36690
-0.22146
-0.40913
-0.32468
-0.22615
-0.35283
-0.25899
-0.36221
-0.23553
-0.39036
-0.25430
-0.32468
-0.25430
-0.28968
-0.30122
-0.19800
-0.32468
-0.17454
-0.21208
-0.43259
-0.18392
-0.26838
-0.38098
-0.31060
-0.17923
-0.19800
-0.35752
-0.36221
-0.19800
-0.20738
-0.21208
-0.39505
-0.44197
-0.39036
-0.29184
-0.19800
-0.19800
-0.26838
-0.19800
-0.19331
0.09192
-0.33406
-0.43259
-0.16985
-0.30591
-0.30122
-0.18392
-0.42790
-0.25899
-0.31060
-0.39505
-0.27307
-0.41382
-0.33875
-0.25430
-0.30591
-0.35283
-0.17454
-0.18392
-0.30122
-0.39036
-0.43728
-0.41382
-0.23553
-0.24023
-0.21208
-0.20269
-0.26368
-0.22615
-0.19800
-0.19331
-0.24023
-0.22615
-0.18862
-0.34344
-0.37629
-0.40913
-0.21208
-0.21208
-0.39975
-0.40444
-0.20269
-0.19800
-0.42320
-0.31529
-0.26368
-0.45136
-0.15577
-0.39036
-0.21208
-0.35752
-0.19800
-0.40444
-0.19800
-0.32937
-0.24492
-0.39505
-0.17923
-0.19800
-0.38098
-0.24961
-0.18392
-0.16047
-0.30591
-0.22146
-0.32468
-0.28245
-0.16985
-0.38567
-0.39975
-0.19800
-0.38098
-0.41382
-0.19331
-0.35752
-0.30591
-0.20269
-0.35283
-0.22146
-0.41382
-0.27307
-0.41382
-0.19800
-0.32468
-0.26838
-0.28714
-0.31060
-0.24492
-0.36221
-0.19800
-0.20269
-0.39975
-0.23084
-0.21208
-0.28245
-0.41851
-0.34344
-0.19331
-0.19331
-0.19331
-0.19800
-0.29184
-0.33406
-0.35752
-0.44197
-0.41382
-0.39036
-0.32937
-0.31529
-0.27776
-0.24492
-0.17454
-0.20269
-0.18392
-0.33875
-0.39505
-0.36221
-0.18862
-0.24023
-0.20269
-0.31529
-0.32937
-0.21677
-0.16985
-0.30591
-0.31529
-0.16516
-0.41851
-0.28714
-0.20269
-0.39975
-0.24492
-0.32468
-0.31060
-0.42320
-0.30122
-0.17923
-0.29653
-0.42320
-0.21208
-0.33406
-0.27307
-0.34814
-0.18862
-0.41382
-0.39036
-0.28245
-0.40444
-0.22615
-0.24961
-0.45605
-0.18862
-0.27776
-0.31529
-0.41851
-0.21208
-0.29653
-0.31999
-0.15108
-0.19800
-0.31060
-0.39036
-0.37160
-0.19800
-0.25430
-0.21677
-0.29653
-0.31999
-0.32468
-0.32468
-0.17454
-0.21208
-0.21208
-0.28245
-0.19331
-0.31999
-0.33406
-0.38567
-0.36221
-0.33875
-0.33875
-0.33406
-0.31999
-0.39036
-0.39975
-0.32937
-0.24961
-0.21208
-0.17454
-0.18862
-0.22146
-0.43259
-0.42790
-0.44197
-0.41382
-0.29184
-0.24961
-0.25899
-0.24023
-0.40913
-0.33406
-0.30122
-0.31529
-0.19800
-0.19800
-0.37160
-0.39505
-0.33406
-0.26368
-0.19800
-0.31529
-0.36221
-0.28714
-0.22615
-0.16985
-0.32937
-0.35752
-0.28245
-0.28245
-0.37629
-0.36690
-0.20269
-0.26838
-0.44197
-0.37629
-0.19800
-0.42320
-0.32937
-0.16985
-0.38567
-0.34344
-0.18392
-0.39505

-0.32468
-0.24492
-0.33875
-0.42320
-0.19331
-0.25899
-0.17923
-0.18862
-0.19800
-0.23084
-0.40444
-0.34814
-0.28245
-0.46543
-0.29653
-0.39036
-0.19800
-0.33875
-0.19800
-0.19800
-0.35283
-0.38567
-0.38098
-0.21677
-0.19800
-0.42320
-0.34344
-0.36690
-0.46543
-0.20269
-0.21677
-0.35283
-0.27307
-0.22146
-0.33875
-0.17923
-0.04737
-0.19331
-0.42320
-0.45605
-0.25430
-0.31529
-0.26838
-0.19800
-0.29653
-0.39505
-0.38567
-0.24961
-0.19800
-0.19800
-0.31529
-0.39505
-0.39505
-0.35283
-0.31999
-0.33875
-0.39975
-0.33875
-0.32937
-0.21677
-0.18392
-0.16985
-0.24961
-0.41851
-0.36221
-0.20738
-0.25899
-0.28714
-0.42790
-0.27307
-0.18862
-0.42320
-0.29184
-0.24492
-0.40913
-0.31529
-0.25430
-0.34344
-0.19800
-0.39036
-0.18862
-0.32937
-0.27776
-0.40444
-0.25430
-0.32937
-0.25899
-0.39975
-0.24492
-0.31999
-0.20738
-0.17923
-0.33875
-0.19800
-0.31999
-0.33406
-0.25430
-0.20738
-0.33875
-0.37629
-0.23553
-0.22146
-0.32468
-0.32937
-0.26838
-0.19331
-0.31529
-0.41382
-0.33875
-0.32937
-0.22146
-0.21677
-0.17923
-0.19800
-0.33875
-0.42320
-0.34344
-0.40913
-0.35283
-0.41382
-0.37629
-0.34814
-0.36690
-0.39036
-0.36690
-0.33875
-0.44197
-0.35283
-0.39975
-0.28714
-0.25899
-0.26368
-0.19331
-0.34344
-0.42790
-0.31999
-0.16985
-0.25899
-0.33406
-0.29653
-0.24023
-0.33406
-0.40444
-0.18862
-0.42320
-0.37629
-0.23553
-0.37160
-0.32937
-0.26368
-0.35752
-0.24961
-0.35283
-0.25430
-0.39505
-0.24492
-0.39505
-0.18862
-0.17923
-0.46074
-0.37160
-0.39505
-0.29184
-0.23084
-0.23553
-0.20269
-0.22615
-0.33875
-0.34344
-0.39505
-0.30122
-0.21677
-0.21208
-0.41382
-0.37629
-0.20738
-0.23553
-0.35752
-0.26838
-0.45605
-0.38098
-0.20738
-0.39975
-0.21208
-0.36221
-0.18392
-0.37629
-0.23084
-0.40444
-0.24023
-0.30122
-0.34814
-0.21208
-0.35752
-0.26838
-0.22146
-0.38567
-0.33875
-0.24023
-0.31529
-0.43259
-0.43728
-0.20269
-0.23084
-0.38567
-0.39505
-0.39505
-0.27776
-0.27307
-0.25899
-0.23084
-0.32937
-0.37629
-0.39036
-0.38098
-0.35283
-0.33875
-0.35283
-0.38567
-0.40913
-0.34814
-0.38567
-0.33875
-0.22146
-0.23553
-0.21677
-0.27776
-0.36221
-0.36690
-0.26368
-0.24492
-0.23084
-0.38567
-0.31529
-0.21208
-0.23553
-0.37160
-0.30122
-0.19800
-0.40444
-0.34344
-0.19800
-0.34814
-0.38567
-0.23084
-0.38567
-0.32468
-0.21677
-0.36221
-0.25899
-0.42790
-0.33875
-0.20269
-0.39505
-0.19800
-0.40913
-0.18862
-0.37629
-0.29653
-0.45605
-0.28714
-0.44666
-0.29653
-0.38567
-0.19800
-0.42790
-0.20738
-0.36221
-0.24492
-0.35752
-0.26368
-0.23553
-0.37160
-0.27776
-0.31999
-0.39505
-0.21208
-0.27307
-0.33406
-0.29184
-0.19800
-0.37160
-0.35752
-0.21677
-0.31529
-0.39036
-0.45605
-0.26838
-0.23553
-0.34814
-0.33875
-0.23084
-0.22615
-0.34344
-0.39505
-0.38098